0 0.490625 0.337500 0.113281 0.293056
0 0.641406 0.381944 0.110156 0.309722
0 0.314063 0.170833 0.063281 0.145833
0 0.263672 0.178472 0.079687 0.255556
0 0.085938 0.129167 0.053906 0.126389
0 0.039453 0.199306 0.048438 0.075000
0 0.542578 0.068750 0.034375 0.094444
0 0.766406 0.066667 0.033594 0.129167
0 0.807031 0.111806 0.046094 0.172222
0 0.858984 0.155556 0.076563 0.159722
1 0.632031 0.527083 0.019531 0.019444
1 0.092578 0.200000 0.017188 0.040278
0 0.429297 0.247917 0.068750 0.102778
0 0.423438 0.111111 0.060156 0.112500
0 0.331641 0.333333 0.068750 0.204167
