0 0.509375 0.662500 0.113281 0.293056
0 0.358594 0.618056 0.110156 0.309722
0 0.685937 0.829167 0.063281 0.145833
0 0.736328 0.821528 0.079687 0.255556
0 0.914062 0.870833 0.053906 0.126389
0 0.960547 0.800694 0.048438 0.075000
0 0.457422 0.931250 0.034375 0.094444
0 0.233594 0.933333 0.033594 0.129167
0 0.192969 0.888194 0.046094 0.172222
0 0.141016 0.844444 0.076563 0.159722
1 0.367969 0.472917 0.019531 0.019444
1 0.907422 0.800000 0.017188 0.040278
0 0.570703 0.752083 0.068750 0.102778
0 0.576562 0.888889 0.060156 0.112500
0 0.668359 0.666667 0.068750 0.204167
