0 0.491484 0.662222 0.102969 0.292639
0 0.628594 0.617917 0.100078 0.309444
0 0.330937 0.828889 0.057578 0.145694
0 0.285156 0.821111 0.072500 0.255278
0 0.123594 0.870417 0.049062 0.126250
0 0.081328 0.800278 0.044062 0.074861
0 0.538672 0.930833 0.031250 0.094306
0 0.742188 0.932917 0.030547 0.129028
0 0.779062 0.887778 0.041953 0.172083
0 0.826406 0.844028 0.069609 0.159444
1 0.620000 0.472917 0.017734 0.019444
1 0.129609 0.799722 0.015625 0.040139
0 0.435703 0.751667 0.062500 0.102639
0 0.430391 0.888472 0.054688 0.112361
0 0.346953 0.666389 0.062500 0.204028
