0 0.460391 0.582361 0.113281 0.293056
0 0.611172 0.537917 0.110156 0.309722
0 0.283828 0.749028 0.063281 0.145833
0 0.233438 0.741389 0.079687 0.255556
0 0.055703 0.790694 0.053906 0.126389
0 0.009219 0.720556 0.048438 0.075000
0 0.512344 0.851111 0.034375 0.094444
0 0.736172 0.853194 0.033594 0.129167
0 0.776797 0.808056 0.046094 0.172222
0 0.828750 0.764306 0.076563 0.159722
1 0.601797 0.392778 0.019531 0.019444
1 0.062344 0.719861 0.017188 0.040278
0 0.399062 0.671944 0.068750 0.102778
0 0.393203 0.808750 0.060156 0.112500
0 0.301406 0.586528 0.068750 0.204167
