0 0.549453 0.643194 0.130391 0.295556
0 0.653281 0.428889 0.139219 0.251667
0 0.458906 0.955417 0.057578 0.152222
0 0.428672 0.998611 0.066719 0.250139
0 0.286094 1.240278 0.054609 0.138750
0 0.229063 1.229861 0.034844 0.086944
0 0.680156 0.803333 0.034609 0.092361
0 0.856719 0.563889 0.051250 0.126389
0 0.880078 0.484306 0.075938 0.138889
0 0.899531 0.395000 0.074922 0.157639
1 0.596094 0.335000 0.018672 0.020417
1 0.273125 1.171667 0.009844 0.045694
0 0.531875 0.786111 0.066875 0.097083
0 0.568750 0.890694 0.065938 0.116111
0 0.416250 0.823611 0.098047 0.172361
