0 0.442188 0.377778 0.083594 0.279167
0 0.372656 0.391667 0.074219 0.184722
0 0.629297 0.298611 0.070312 0.229167
0 0.694141 0.323611 0.078125 0.176389
0 0.584375 0.416667 0.057031 0.148611
0 0.682031 0.456250 0.024219 0.086111
0 0.710547 0.449306 0.023438 0.044444
0 0.736328 0.421528 0.032813 0.072222
0 0.658594 0.438194 0.035156 0.100000
1 0.513672 0.303472 0.007812 0.069444
0 0.130469 0.197917 0.105469 0.325000
0 0.516406 0.456250 0.072656 0.252778
0 0.532813 0.219444 0.044531 0.062500
0 0.624609 0.446528 0.025000 0.072222
