0 0.557813 0.377778 0.083594 0.279167
0 0.627344 0.391667 0.074219 0.184722
0 0.370703 0.298611 0.070312 0.229167
0 0.305859 0.323611 0.078125 0.176389
0 0.415625 0.416667 0.057031 0.148611
0 0.317969 0.456250 0.024219 0.086111
0 0.289453 0.449306 0.023438 0.044444
0 0.263672 0.421528 0.032813 0.072222
0 0.341406 0.438194 0.035156 0.100000
1 0.486328 0.303472 0.007812 0.069444
0 0.869531 0.197917 0.105469 0.325000
0 0.483594 0.456250 0.072656 0.252778
0 0.467187 0.219444 0.044531 0.062500
0 0.375391 0.446528 0.025000 0.072222
