0 0.410078 0.452500 0.120313 0.233750
0 0.358438 0.534167 0.089688 0.173611
0 0.540781 0.208472 0.085234 0.207222
0 0.600938 0.148611 0.083672 0.186250
0 0.540469 0.338194 0.069141 0.121667
0 0.634687 0.273889 0.037891 0.080000
0 0.654844 0.242500 0.027187 0.044583
0 0.664766 0.193889 0.035469 0.066250
0 0.609141 0.286111 0.041875 0.086667
1 0.447187 0.324861 0.024531 0.057500
0 0.105781 0.628611 0.133359 0.276111
0 0.493047 0.441944 0.107656 0.234861
0 0.434063 0.232778 0.036406 0.073472
0 0.583594 0.324722 0.034766 0.065694
