0 0.331641 0.593750 0.110937 0.169444
0 0.831250 0.593750 0.111719 0.169444
0 0.658984 0.336111 0.040625 0.151389
0 0.158594 0.335417 0.041406 0.152778
1 0.262109 0.456944 0.006250 0.070833
1 0.762109 0.458333 0.006250 0.073611
1 0.657422 0.440972 0.007812 0.058333
1 0.157031 0.438889 0.005469 0.051389
1 0.337109 0.706944 0.007812 0.059722
1 0.837500 0.706944 0.008594 0.056944
0 0.762500 0.283333 0.114844 0.281944
0 0.262891 0.284028 0.115625 0.283333
0 0.689453 0.269444 0.089063 0.209722
0 0.199219 0.268056 0.071094 0.212500
