0 0.668359 0.406250 0.110937 0.169444
0 0.168750 0.406250 0.111719 0.169444
0 0.341016 0.663889 0.040625 0.151389
0 0.841406 0.664583 0.041406 0.152778
1 0.737891 0.543056 0.006250 0.070833
1 0.237891 0.541667 0.006250 0.073611
1 0.342578 0.559028 0.007812 0.058333
1 0.842969 0.561111 0.005469 0.051389
1 0.662891 0.293056 0.007812 0.059722
1 0.162500 0.293056 0.008594 0.056944
0 0.237500 0.716667 0.114844 0.281944
0 0.737109 0.715972 0.115625 0.283333
0 0.310547 0.730556 0.089063 0.209722
0 0.800781 0.731944 0.071094 0.212500
