0 0.302656 0.409306 0.130000 0.163889
0 0.888203 0.409306 0.130937 0.163889
0 0.686328 0.658472 0.047656 0.146389
0 0.099844 0.659167 0.048516 0.147778
1 0.221172 0.541667 0.007344 0.068472
1 0.807188 0.540278 0.007344 0.071111
1 0.684531 0.557083 0.009141 0.056389
1 0.098047 0.559028 0.006406 0.049583
1 0.309063 0.299861 0.009141 0.057778
1 0.895625 0.299861 0.010078 0.055000
0 0.807656 0.709444 0.134531 0.272639
0 0.222109 0.708889 0.135469 0.274028
0 0.722031 0.722917 0.104375 0.202778
0 0.147500 0.724306 0.083359 0.205556
