0 0.375391 0.261944 0.114219 0.178333
0 0.811250 0.698056 0.114297 0.178194
0 0.591406 0.778750 0.064609 0.129722
0 0.155313 0.342639 0.064922 0.130000
1 0.281719 0.331389 0.022031 0.062361
1 0.717734 0.765000 0.021406 0.067500
1 0.620469 0.688333 0.020313 0.049306
1 0.183750 0.255000 0.017422 0.045417
1 0.414531 0.177222 0.019922 0.052083
1 0.850703 0.613056 0.018125 0.052917
0 0.673750 0.918611 0.139219 0.267778
0 0.238125 0.481806 0.139297 0.268889
0 0.609844 0.895417 0.094375 0.200000
0 0.177500 0.459861 0.087734 0.200556
