0 0.217969 0.381944 0.161719 0.479167
0 0.717969 0.381250 0.161719 0.477778
0 0.056250 0.721528 0.024219 0.075000
0 0.555859 0.721528 0.026562 0.077778
0 0.080469 0.618750 0.057031 0.125000
0 0.124219 0.620833 0.033594 0.101389
0 0.580469 0.618750 0.057031 0.122222
0 0.624219 0.620833 0.033594 0.101389
0 0.364453 0.812500 0.162500 0.273611
0 0.864062 0.811806 0.163281 0.272222
1 0.240234 0.773333 0.032813 0.453472
1 0.740234 0.773333 0.032813 0.453472
1 0.362109 0.940000 0.043750 0.120139
1 0.861719 0.939583 0.044531 0.120833
0 0.028281 0.729167 0.056641 0.143056
0 0.522656 0.729167 0.047656 0.143056
