0 0.782031 0.618056 0.161719 0.479167
0 0.282031 0.618750 0.161719 0.477778
0 0.943750 0.278472 0.024219 0.075000
0 0.444141 0.278472 0.026562 0.077778
0 0.919531 0.381250 0.057031 0.125000
0 0.875781 0.379167 0.033594 0.101389
0 0.419531 0.381250 0.057031 0.122222
0 0.375781 0.379167 0.033594 0.101389
0 0.635547 0.187500 0.162500 0.273611
0 0.135937 0.188194 0.163281 0.272222
1 0.759766 0.226667 0.032813 0.453472
1 0.259766 0.226667 0.032813 0.453472
1 0.637891 0.060000 0.043750 0.120139
1 0.138281 0.060417 0.044531 0.120833
0 0.971719 0.270833 0.056641 0.143056
0 0.477344 0.270833 0.047656 0.143056
