0 0.233516 0.636111 0.152812 0.552639
0 0.705937 0.636944 0.152812 0.551111
0 0.080625 0.244444 0.022891 0.086528
0 0.552813 0.244444 0.025078 0.089722
0 0.103594 0.363056 0.053906 0.144167
0 0.144922 0.360556 0.031719 0.116944
0 0.576016 0.363056 0.053906 0.140972
0 0.617344 0.360556 0.031797 0.116944
0 0.371875 0.139444 0.153516 0.315694
0 0.844063 0.140278 0.154297 0.314028
1 0.254531 0.184722 0.031016 0.523194
1 0.727031 0.184722 0.031016 0.523194
1 0.369688 -0.007500 0.041328 0.138611
1 0.841797 -0.007083 0.042031 0.139444
0 0.054375 0.235694 0.053516 0.165000
0 0.521406 0.235694 0.045000 0.165000
