0 0.370703 0.284722 0.151562 0.298611
0 0.870703 0.285417 0.151562 0.300000
0 0.440625 0.632639 0.071094 0.166667
0 0.941016 0.633333 0.071875 0.165278
0 0.750000 0.766667 0.349219 0.412500
0 0.259766 0.767361 0.368750 0.411111
0 0.168359 0.479861 0.093750 0.194444
0 0.668359 0.479861 0.093750 0.194444
1 0.173437 0.504861 0.010156 0.191667
1 0.385547 0.623611 0.007812 0.093056
1 0.360156 0.071944 0.010156 0.143750
1 0.671094 0.501389 0.011719 0.201389
1 0.887109 0.627083 0.009375 0.094444
1 0.860547 0.072500 0.009375 0.145139
0 0.886719 0.780556 0.163281 0.281944
0 0.386328 0.780556 0.162500 0.281944
