0 0.348906 0.250833 0.177109 0.345556
0 0.933281 0.251667 0.177109 0.347222
0 0.430625 0.653611 0.083125 0.192917
0 1.015469 0.654306 0.083984 0.191389
0 0.792188 0.808611 0.408125 0.477500
0 0.219219 0.809444 0.430938 0.475833
0 0.112422 0.476667 0.109531 0.225000
0 0.696719 0.476667 0.109609 0.225000
1 0.118359 0.505556 0.011875 0.221806
1 0.366250 0.643056 0.009141 0.107778
1 0.336562 0.004444 0.011875 0.166389
1 0.700000 0.501667 0.013672 0.233194
1 0.952422 0.647222 0.010937 0.109306
1 0.921406 0.005278 0.011016 0.168056
0 0.951953 0.824722 0.190781 0.326389
0 0.367188 0.824722 0.189922 0.326389
