0 0.329609 0.469167 0.183750 0.324167
0 0.736875 -0.048333 0.183359 0.324028
0 0.493750 0.660833 0.088359 0.124306
0 0.901172 0.145833 0.087969 0.125278
0 0.777500 0.505556 0.325078 0.433750
0 0.371406 0.996944 0.326797 0.482500
0 0.221719 0.824583 0.084375 0.220972
0 0.628828 0.308194 0.084844 0.219167
1 0.233906 0.842500 0.066172 0.152083
1 0.446875 0.718750 0.033828 0.077500
1 0.245469 0.292500 0.052031 0.120278
1 0.639219 0.325000 0.070781 0.161250
1 0.855000 0.205556 0.032109 0.078750
1 0.653281 -0.219167 0.051641 0.116250
0 0.897969 0.315556 0.152656 0.232083
0 0.490859 0.830833 0.152656 0.232361
