0 0.769922 0.300694 0.121875 0.305556
0 0.269922 0.300694 0.121875 0.308333
0 0.828906 0.517361 0.047656 0.186111
0 0.764453 0.551389 0.081250 0.198611
0 0.715234 0.648611 0.042188 0.098611
0 0.666016 0.568056 0.067187 0.254167
0 0.607422 0.706944 0.040625 0.084722
0 0.556641 0.418056 0.082812 0.229167
0 0.329297 0.517361 0.048438 0.183333
0 0.261719 0.551389 0.074219 0.198611
0 0.215234 0.649306 0.042188 0.100000
0 0.165625 0.568056 0.067969 0.256944
0 0.107422 0.706944 0.040625 0.084722
0 0.056250 0.418056 0.082031 0.229167
0 0.017813 0.677778 0.033984 0.112500
0 0.517578 0.677778 0.034375 0.109722
0 0.422266 0.233056 0.162500 0.465972
0 0.918906 0.234444 0.162109 0.468750
