0 0.230078 0.300694 0.121875 0.305556
0 0.730078 0.300694 0.121875 0.308333
0 0.171094 0.517361 0.047656 0.186111
0 0.235547 0.551389 0.081250 0.198611
0 0.284766 0.648611 0.042188 0.098611
0 0.333984 0.568056 0.067187 0.254167
0 0.392578 0.706944 0.040625 0.084722
0 0.443359 0.418056 0.082812 0.229167
0 0.670703 0.517361 0.048438 0.183333
0 0.738281 0.551389 0.074219 0.198611
0 0.784766 0.649306 0.042188 0.100000
0 0.834375 0.568056 0.067969 0.256944
0 0.892578 0.706944 0.040625 0.084722
0 0.943750 0.418056 0.082031 0.229167
0 0.982187 0.677778 0.033984 0.112500
0 0.482422 0.677778 0.034375 0.109722
0 0.577734 0.233056 0.162500 0.465972
0 0.081094 0.234444 0.162109 0.468750
