0 0.184375 0.290556 0.142500 0.321111
0 0.769062 0.290556 0.142500 0.324028
0 0.115391 0.518194 0.055781 0.195556
0 0.190781 0.553889 0.095000 0.208750
0 0.248281 0.656111 0.049297 0.103750
0 0.305859 0.571528 0.078594 0.267222
0 0.374375 0.717500 0.047500 0.089028
0 0.433750 0.413889 0.096875 0.240833
0 0.699688 0.518333 0.056641 0.192639
0 0.778594 0.553889 0.086797 0.208750
0 0.832969 0.656944 0.049297 0.105139
0 0.891016 0.571528 0.079531 0.270000
0 0.959062 0.717500 0.047500 0.089028
0 1.018906 0.413889 0.095937 0.240833
0 1.063906 0.686944 0.039688 0.118194
0 0.479453 0.686806 0.040156 0.115278
0 0.590938 0.219444 0.190078 0.489722
0 0.010078 0.220833 0.189531 0.492639
