0 0.304375 0.397083 0.121875 0.305556
0 0.804375 0.397083 0.121875 0.308333
0 0.245391 0.613750 0.047656 0.186111
0 0.309844 0.647778 0.081250 0.198611
0 0.359063 0.745000 0.042188 0.098611
0 0.408281 0.664444 0.067187 0.254167
0 0.466875 0.803333 0.040625 0.084722
0 0.517656 0.514444 0.082812 0.229167
0 0.745000 0.613750 0.048438 0.183333
0 0.812578 0.647778 0.074219 0.198611
0 0.859062 0.745694 0.042188 0.100000
0 0.908672 0.664444 0.067969 0.256944
0 0.966875 0.803333 0.040625 0.084722
0 1.018047 0.514444 0.082031 0.229167
0 1.056563 0.774167 0.033984 0.112500
0 0.556719 0.774167 0.034375 0.109722
0 0.652031 0.329444 0.162500 0.465972
0 0.155391 0.330833 0.162109 0.468750
