0 0.245703 0.518056 0.081250 0.143056
0 0.745703 0.518056 0.081250 0.143056
0 0.152734 0.420833 0.053125 0.131944
0 0.214062 0.416667 0.046094 0.118056
0 0.263281 0.428472 0.038281 0.086111
0 0.392969 0.368056 0.038281 0.101389
0 0.450781 0.445139 0.080469 0.205556
0 0.358594 0.415278 0.027344 0.062500
0 0.018906 0.585417 0.037891 0.236111
0 0.517188 0.586111 0.041406 0.234722
0 0.652734 0.420833 0.053125 0.131944
0 0.714063 0.415972 0.046094 0.116667
0 0.760938 0.428472 0.042969 0.086111
0 0.892969 0.368056 0.039844 0.101389
0 0.858594 0.414583 0.027344 0.063889
0 0.951172 0.445139 0.079687 0.205556
1 0.249609 0.595833 0.007812 0.034722
1 0.749219 0.589583 0.007031 0.027778
