0 0.203281 0.478472 0.094766 0.171250
0 0.786641 0.478472 0.094844 0.171250
0 0.094844 0.594722 0.061953 0.157917
0 0.166406 0.599722 0.053750 0.141250
0 0.223828 0.585556 0.044688 0.103194
0 0.375156 0.657917 0.044688 0.121389
0 0.442578 0.565694 0.093906 0.246111
0 0.335000 0.601389 0.031953 0.074861
0 -0.061172 0.397778 0.044219 0.282639
0 0.520078 0.396944 0.048281 0.280972
0 0.678125 0.594722 0.061953 0.157917
0 0.749688 0.600556 0.053828 0.139722
0 0.804375 0.585556 0.050078 0.103194
0 0.958437 0.657917 0.046484 0.121389
0 0.918359 0.602222 0.031875 0.076528
0 1.026328 0.565694 0.092969 0.246111
1 0.207891 0.385278 0.009062 0.041667
1 0.790781 0.392778 0.008203 0.033194
