0 0.169609 0.550972 0.081250 0.143056
0 0.669609 0.550972 0.081250 0.143056
0 0.076641 0.648194 0.053125 0.131944
0 0.137969 0.652361 0.046094 0.118056
0 0.187188 0.640556 0.038281 0.086111
0 0.316875 0.700972 0.038281 0.101389
0 0.374688 0.623889 0.080469 0.205556
0 0.282500 0.653750 0.027344 0.062500
0 -0.057188 0.483611 0.037891 0.236111
0 0.441094 0.482917 0.041406 0.234722
0 0.576641 0.648194 0.053125 0.131944
0 0.637969 0.653056 0.046094 0.116667
0 0.684844 0.640556 0.042969 0.086111
0 0.816875 0.700972 0.039844 0.101389
0 0.782500 0.654444 0.027344 0.063889
0 0.875078 0.623889 0.079687 0.205556
1 0.173516 0.473194 0.007812 0.034722
1 0.673125 0.479444 0.007031 0.027778
