0 0.273047 0.696250 0.080625 0.144167
0 0.706875 0.255278 0.081719 0.143472
0 0.215391 0.878889 0.068281 0.114028
0 0.273281 0.819583 0.058437 0.107500
0 0.313125 0.767500 0.040234 0.090417
0 0.443438 0.705833 0.051016 0.094583
0 0.461641 0.587500 0.075625 0.228472
0 0.404219 0.696250 0.022891 0.069444
0 0.046875 0.866250 0.075547 0.206389
0 0.481250 0.423472 0.074922 0.203056
0 0.649531 0.437778 0.068203 0.114861
0 0.707188 0.378611 0.058672 0.106806
0 0.744531 0.326667 0.045391 0.091944
0 0.877188 0.264722 0.051641 0.094583
0 0.838750 0.255278 0.022891 0.069861
0 0.896250 0.146111 0.075469 0.227639
1 0.255234 0.638056 0.009062 0.032639
1 0.691641 0.203750 0.010625 0.025556
