0 0.220234 0.515833 0.122031 0.385972
0 0.806875 0.515833 0.122891 0.385972
0 0.419219 0.588889 0.143984 0.389028
0 0.346328 0.603333 0.077031 0.363056
0 1.005937 0.588194 0.146797 0.387500
0 0.933437 0.603333 0.077031 0.363056
0 0.584844 0.553889 0.168750 0.498472
0 -0.001953 0.554722 0.170234 0.496944
0 0.122500 0.545556 0.038516 0.120000
0 0.705937 0.545556 0.044062 0.120000
1 -0.002187 0.262917 0.042188 0.141389
1 0.585781 0.262222 0.045859 0.145972
1 0.228906 0.296389 0.027578 0.056250
1 0.816016 0.296389 0.027500 0.056250
1 0.426563 0.373889 0.046797 0.113889
1 1.014219 0.373889 0.045859 0.113889
1 0.955469 0.367778 0.020234 0.053194
1 0.368359 0.367778 0.020156 0.053194
