0 0.123750 0.515417 0.103906 0.352778
0 0.623359 0.515417 0.104688 0.352778
0 0.293281 0.582083 0.122656 0.355556
0 0.231172 0.595278 0.065625 0.331944
0 0.792891 0.581389 0.125000 0.354167
0 0.731172 0.595278 0.065625 0.331944
0 0.434297 0.550139 0.143750 0.455556
0 -0.065469 0.550833 0.144922 0.454167
0 0.040547 0.542500 0.032813 0.109722
0 0.537422 0.542500 0.037500 0.109722
1 -0.065703 0.284167 0.035937 0.129167
1 0.435078 0.283472 0.039062 0.133333
1 0.131172 0.314722 0.023438 0.051389
1 0.631172 0.314722 0.023438 0.051389
1 0.299531 0.385556 0.039844 0.104167
1 0.799922 0.385556 0.039062 0.104167
1 0.749922 0.380000 0.017188 0.048611
1 0.249922 0.380000 0.017188 0.048611
