0 0.106250 0.369444 0.169531 0.537500
0 0.606641 0.368056 0.168750 0.537500
0 0.777734 0.320833 0.090625 0.418056
0 0.273828 0.322222 0.082812 0.418056
0 0.451172 0.503472 0.101562 0.322222
0 0.949375 0.502083 0.099609 0.322222
1 0.117578 0.675694 0.037500 0.080556
1 0.362891 0.582639 0.057813 0.150000
1 0.295312 0.595139 0.024219 0.069444
1 0.455078 0.647917 0.028125 0.097222
1 0.617578 0.675000 0.037500 0.081944
1 0.795312 0.595833 0.024219 0.068056
1 0.863672 0.582639 0.057813 0.150000
1 0.958203 0.639583 0.032813 0.116667
0 0.355859 0.306944 0.170313 0.504167
0 0.855859 0.305556 0.170313 0.509722
