0 0.893750 0.630556 0.169531 0.537500
0 0.393359 0.631944 0.168750 0.537500
0 0.222266 0.679167 0.090625 0.418056
0 0.726172 0.677778 0.082812 0.418056
0 0.548828 0.496528 0.101562 0.322222
0 0.050625 0.497917 0.099609 0.322222
1 0.882422 0.324306 0.037500 0.080556
1 0.637109 0.417361 0.057813 0.150000
1 0.704688 0.404861 0.024219 0.069444
1 0.544922 0.352083 0.028125 0.097222
1 0.382422 0.325000 0.037500 0.081944
1 0.204687 0.404167 0.024219 0.068056
1 0.136328 0.417361 0.057813 0.150000
1 0.041797 0.360417 0.032813 0.116667
0 0.644141 0.693056 0.170313 0.504167
0 0.144141 0.694444 0.170313 0.509722
