0 0.217969 0.618056 0.161719 0.479167
0 0.717969 0.618750 0.161719 0.477778
0 0.364453 0.187500 0.162500 0.273611
0 0.864062 0.188194 0.163281 0.272222
1 0.240234 0.226667 0.032813 0.453472
1 0.740234 0.226667 0.032813 0.453472
1 0.362109 0.060000 0.043750 0.120139
1 0.861719 0.060417 0.044531 0.120833
0 0.028281 0.270833 0.056641 0.143056
0 0.522656 0.270833 0.047656 0.143056
0 0.056250 0.278472 0.024219 0.075000
0 0.555859 0.278472 0.026562 0.077778
0 0.080469 0.381250 0.057031 0.125000
0 0.124219 0.379167 0.033594 0.101389
0 0.580469 0.381250 0.057031 0.122222
0 0.624219 0.379167 0.033594 0.101389
