0 0.157344 0.893333 0.203750 0.499028
0 0.619141 0.552778 0.203594 0.500694
0 0.798438 0.469167 0.161406 0.371806
0 0.332500 0.810278 0.152344 0.372917
0 0.461016 0.513056 0.143750 0.319306
0 0.922813 0.172083 0.144453 0.319167
1 0.108125 0.597500 0.021328 0.095972
1 0.361094 0.521806 0.062422 0.140833
1 0.290625 0.551667 0.034922 0.058750
1 0.427578 0.395278 0.038125 0.087500
1 0.569688 0.256667 0.021797 0.096528
1 0.752344 0.210000 0.034922 0.058472
1 0.822969 0.181111 0.062422 0.140556
1 0.893594 0.061528 0.047109 0.104861
0 0.401094 0.763750 0.211797 0.524444
0 0.862656 0.422639 0.212734 0.526944
