0 0.173047 0.387500 0.173437 0.559722
0 0.033750 0.383333 0.067578 0.234722
0 0.881250 0.427083 0.142969 0.497222
0 0.786328 0.565278 0.056250 0.170833
1 0.181250 0.663194 0.016406 0.130556
1 0.393750 0.656944 0.053906 0.181944
1 0.681250 0.663889 0.016406 0.131944
1 0.893594 0.658333 0.084766 0.181944
1 0.034766 0.535417 0.014063 0.086111
1 0.533594 0.536806 0.010156 0.086111
0 0.381641 0.427083 0.146875 0.497222
0 0.287500 0.563889 0.057031 0.168056
0 0.672656 0.386111 0.174219 0.562500
0 0.541016 0.384722 0.084375 0.237500
