0 0.826953 0.612500 0.173437 0.559722
0 0.966250 0.616667 0.067578 0.234722
0 0.118750 0.572917 0.142969 0.497222
0 0.213672 0.434722 0.056250 0.170833
1 0.818750 0.336806 0.016406 0.130556
1 0.606250 0.343056 0.053906 0.181944
1 0.318750 0.336111 0.016406 0.131944
1 0.106406 0.341667 0.084766 0.181944
1 0.965234 0.464583 0.014063 0.086111
1 0.466406 0.463194 0.010156 0.086111
0 0.618359 0.572917 0.146875 0.497222
0 0.712500 0.436111 0.057031 0.168056
0 0.327344 0.613889 0.174219 0.562500
0 0.458984 0.615278 0.084375 0.237500
