0 0.119453 0.599583 0.201875 0.495556
0 -0.042656 0.603333 0.078672 0.207778
0 0.943750 0.564583 0.166406 0.440278
0 0.833281 0.442222 0.065469 0.151250
1 0.128984 0.355556 0.019062 0.115556
1 0.376328 0.361111 0.062813 0.160972
1 0.710938 0.355000 0.019141 0.116806
1 0.958125 0.359861 0.098672 0.161111
1 -0.041563 0.468611 0.016328 0.076250
1 0.539062 0.467500 0.011797 0.076250
0 0.362187 0.564583 0.171016 0.440278
0 0.252656 0.443333 0.066406 0.148750
0 0.700937 0.600833 0.202734 0.498056
0 0.547813 0.602083 0.098203 0.210278
