0 0.215000 0.184167 0.258984 0.526389
0 0.097969 0.039583 0.122578 0.208056
0 0.770703 0.975556 0.243906 0.438889
0 0.742969 0.776389 0.061016 0.175139
1 0.313906 0.013611 0.053125 0.101806
1 0.462344 0.239444 0.066641 0.149583
1 0.697891 0.582778 0.054219 0.101806
1 0.847656 0.811944 0.082891 0.158194
1 0.154844 -0.056806 0.029297 0.072500
1 0.539297 0.511389 0.030781 0.070694
0 0.387188 0.406667 0.243984 0.438056
0 0.357969 0.208611 0.058828 0.172500
0 0.593750 0.752500 0.272891 0.528056
0 0.491641 0.610139 0.142187 0.205278
