0 0.245703 0.481944 0.081250 0.143056
0 0.745703 0.481944 0.081250 0.143056
0 0.652734 0.579167 0.053125 0.131944
0 0.714063 0.584028 0.046094 0.116667
0 0.760938 0.571528 0.042969 0.086111
0 0.892969 0.631944 0.039844 0.101389
0 0.858594 0.585417 0.027344 0.063889
0 0.951172 0.554861 0.079687 0.205556
1 0.249609 0.404167 0.007812 0.034722
1 0.749219 0.410417 0.007031 0.027778
0 0.152734 0.579167 0.053125 0.131944
0 0.214062 0.583333 0.046094 0.118056
0 0.263281 0.571528 0.038281 0.086111
0 0.392969 0.631944 0.038281 0.101389
0 0.450781 0.554861 0.080469 0.205556
0 0.358594 0.584722 0.027344 0.062500
0 0.018906 0.414583 0.037891 0.236111
0 0.517188 0.413889 0.041406 0.234722
