0 0.272656 0.691667 0.083594 0.281944
0 0.189453 0.720833 0.117188 0.259722
1 0.261875 0.461111 0.008984 0.040278
1 0.762500 0.461111 0.010156 0.040278
0 0.174609 0.920556 0.084375 0.159028
0 0.674219 0.919722 0.083594 0.160417
0 0.689453 0.720833 0.117188 0.262500
0 0.774219 0.693750 0.080469 0.275000
0 0.751172 0.327778 0.123438 0.251389
0 0.251953 0.327083 0.123438 0.250000
0 0.348438 0.339583 0.060156 0.233333
0 0.849219 0.339583 0.057031 0.233333
0 0.783984 0.047917 0.048438 0.091667
0 0.284375 0.047917 0.047656 0.091667
0 0.337109 0.030278 0.050000 0.057639
0 0.837500 0.029444 0.049219 0.056250
0 0.427344 0.613889 0.038281 0.095833
0 0.927344 0.614583 0.038281 0.097222
0 0.139844 0.240972 0.038281 0.127778
0 0.639844 0.243750 0.038281 0.133333
