0 0.275000 0.280000 0.082734 0.323472
0 0.192656 0.246528 0.115937 0.298056
1 0.264375 0.544722 0.008906 0.046250
1 0.759844 0.544722 0.010078 0.046250
0 0.177969 0.017500 0.083437 0.182500
0 0.672344 0.018333 0.082734 0.184028
0 0.687500 0.246667 0.115937 0.301250
0 0.771406 0.277639 0.079609 0.315556
0 0.748594 0.697500 0.122188 0.288472
0 0.254531 0.698333 0.122188 0.286806
0 0.350000 0.684028 0.059531 0.267778
0 0.845625 0.684028 0.056406 0.267778
0 0.781094 1.018889 0.047891 0.105139
0 0.286562 1.018889 0.047109 0.105139
0 0.338750 1.039167 0.049453 0.066250
0 0.834062 1.040000 0.048672 0.064583
0 0.428125 0.369306 0.037891 0.110000
0 0.922969 0.368611 0.037891 0.111528
0 0.143594 0.797222 0.037891 0.146667
0 0.638437 0.794028 0.037891 0.153056
