0 0.135313 0.388472 0.083594 0.281944
0 0.052109 0.359306 0.117188 0.259722
1 0.124531 0.619028 0.008984 0.040278
1 0.625156 0.619028 0.010156 0.040278
0 0.037266 0.159722 0.084375 0.159028
0 0.536875 0.160278 0.083594 0.160417
0 0.552109 0.359306 0.117188 0.262500
0 0.636875 0.386389 0.080469 0.275000
0 0.613828 0.752361 0.123438 0.251389
0 0.114609 0.753056 0.123438 0.250000
0 0.211094 0.740556 0.060156 0.233333
0 0.711875 0.740556 0.057031 0.233333
0 0.646641 1.032222 0.048438 0.091667
0 0.147031 1.032222 0.047656 0.091667
0 0.199766 1.050000 0.050000 0.057639
0 0.700156 1.050556 0.049219 0.056250
0 0.290000 0.466250 0.038281 0.095833
0 0.790000 0.465556 0.038281 0.097222
0 0.002500 0.839167 0.038281 0.127778
0 0.502500 0.836389 0.038281 0.133333
