0 0.278672 0.284444 0.091250 0.275556
0 0.198906 0.247778 0.118516 0.264861
1 0.260469 0.514861 0.008906 0.040833
1 0.760547 0.565278 0.010312 0.040694
0 0.189375 0.047500 0.085078 0.163056
0 0.687969 0.098750 0.084297 0.164167
0 0.697969 0.298333 0.118359 0.267361
0 0.781875 0.334444 0.083125 0.271806
0 0.746406 0.695139 0.121562 0.254444
0 0.247812 0.645139 0.121484 0.253056
0 0.343750 0.644722 0.058828 0.232361
0 0.843125 0.695278 0.054531 0.232222
0 0.768437 0.979722 0.048047 0.091667
0 0.269687 0.929444 0.047266 0.092083
0 0.322031 0.952639 0.050078 0.058889
0 0.821641 1.003889 0.049375 0.057361
0 0.431484 0.378889 0.039844 0.094306
0 0.930703 0.428889 0.039844 0.095694
0 0.131250 0.722361 0.037812 0.126944
0 0.630312 0.769444 0.037891 0.134028
