0 0.261719 0.514583 0.103906 0.352778
0 0.761328 0.514583 0.104688 0.352778
1 0.072266 0.283333 0.035937 0.129167
1 0.573047 0.282639 0.039062 0.133333
1 0.269141 0.313889 0.023438 0.051389
1 0.769141 0.313889 0.023438 0.051389
1 0.437500 0.384722 0.039844 0.104167
1 0.937891 0.384722 0.039062 0.104167
1 0.887891 0.379167 0.017188 0.048611
1 0.387891 0.379167 0.017188 0.048611
0 0.431250 0.581250 0.122656 0.355556
0 0.369141 0.594444 0.065625 0.331944
0 0.930859 0.580556 0.125000 0.354167
0 0.869141 0.594444 0.065625 0.331944
0 0.572266 0.549306 0.143750 0.455556
0 0.072500 0.550000 0.144922 0.454167
0 0.178516 0.541667 0.032813 0.109722
0 0.675391 0.541667 0.037500 0.109722
