0 0.106250 0.630556 0.169531 0.537500
0 0.606641 0.631944 0.168750 0.537500
1 0.295312 0.404861 0.024219 0.069444
1 0.455078 0.352083 0.028125 0.097222
1 0.617578 0.325000 0.037500 0.081944
1 0.795312 0.404167 0.024219 0.068056
1 0.863672 0.417361 0.057813 0.150000
1 0.958203 0.360417 0.032813 0.116667
0 0.355859 0.693056 0.170313 0.504167
0 0.855859 0.694444 0.170313 0.509722
0 0.777734 0.679167 0.090625 0.418056
0 0.273828 0.677778 0.082812 0.418056
0 0.451172 0.496528 0.101562 0.322222
0 0.949375 0.497917 0.099609 0.322222
1 0.117578 0.324306 0.037500 0.080556
1 0.362891 0.417361 0.057813 0.150000
