0 0.272656 0.308333 0.083594 0.281944
0 0.189453 0.279167 0.117188 0.259722
0 0.783984 0.952083 0.048438 0.091667
0 0.284375 0.952083 0.047656 0.091667
0 0.337109 0.969722 0.050000 0.057639
0 0.837500 0.970556 0.049219 0.056250
0 0.427344 0.386111 0.038281 0.095833
0 0.927344 0.385417 0.038281 0.097222
0 0.139844 0.759028 0.038281 0.127778
0 0.639844 0.756250 0.038281 0.133333
1 0.261875 0.538889 0.008984 0.040278
1 0.762500 0.538889 0.010156 0.040278
0 0.174609 0.079444 0.084375 0.159028
0 0.674219 0.080278 0.083594 0.160417
0 0.689453 0.279167 0.117188 0.262500
0 0.774219 0.306250 0.080469 0.275000
0 0.751172 0.672222 0.123438 0.251389
0 0.251953 0.672917 0.123438 0.250000
0 0.348438 0.660417 0.060156 0.233333
0 0.849219 0.660417 0.057031 0.233333
