0 427.9 469.8 409.9 469.8 407.4 468.3 407.4 458.3 410.9 456.8 416.9 460.8 420.9 460.8 426.9 464.8 429.4 467.3 427.9 469.8
0 409.4 769.3 408.9 768.8 389.9 768.8 388.9 767.8 373.9 767.8 372.9 768.8 324.9 768.8 320.4 766.3 322.4 758.3 322.4 755.3 324.4 751.3 328.4 746.3 329.4 743.3 333.9 738.8 334.9 738.8 341.9 732.8 349.9 728.8 354.9 728.8 356.4 727.3 355.4 722.3 351.9 719.8 347.4 715.3 344.4 709.3 341.4 706.3 337.4 694.3 337.4 689.3 336.4 688.3 336.4 682.3 337.4 678.3 340.4 672.3 332.4 664.3 331.4 661.3 327.4 656.3 326.4 652.3 324.4 650.3 321.4 643.3 321.4 638.3 320.4 637.3 320.4 630.3 321.4 629.3 321.4 624.3 324.4 615.3 328.4 609.3 331.4 602.3 334.9 599.8 339.9 594.8 342.4 593.3 338.4 586.3 338.4 583.3 336.4 575.3 335.4 574.3 335.4 555.3 337.4 549.3 339.4 546.3 350.9 534.8 357.9 530.8 363.9 529.8 364.9 530.8 373.9 531.8 374.9 532.8 379.9 532.8 385.9 526.8 388.9 525.8 392.4 522.3 391.4 521.3 391.4 512.3 393.4 506.3 396.4 501.3 396.4 499.3 401.9 490.8 409.9 487.8 416.9 488.8 420.9 490.8 434.9 490.8 439.4 494.3 440.4 497.3 440.4 506.3 438.9 508.8 435.9 510.8 432.9 510.8 430.4 513.3 430.4 519.3 429.4 520.3 429.4 526.3 430.9 527.8 433.9 526.8 437.9 522.8 441.9 521.8 449.9 517.8 454.9 517.8 455.9 516.8 466.9 516.8 467.9 517.8 476.9 519.8 479.9 521.8 486.9 524.8 491.9 528.8 499.4 536.3 499.4 537.3 505.9 543.8 510.9 538.8 516.9 538.8 517.9 537.8 522.9 537.8 523.9 538.8 531.9 538.8 539.9 542.8 543.9 543.8 548.9 547.8 556.9 551.8 568.4 563.3 571.4 569.3 575.4 583.3 575.4 589.3 576.4 590.3 576.4 598.3 575.4 599.3 574.4 608.3 570.4 614.3 570.4 618.3 578.4 627.3 578.4 628.3 583.4 633.3 584.4 637.3 587.4 643.3 588.4 648.3 588.4 669.3 585.4 676.3 585.4 678.3 579.4 687.3 569.9 693.8 565.9 697.8 562.9 698.8 560.4 701.3 566.9 707.8 567.9 707.8 576.4 714.3 578.4 718.3 581.4 721.3 584.4 726.3 584.4 728.3 587.4 733.3 587.4 740.3 588.4 741.3 588.4 749.3 587.4 750.3 587.4 757.3 584.4 766.3 581.9 768.8 546.9 768.8 546.4 769.3
0 510.4 769.3 509.9 768.8 435.9 768.8 430.9 765.8 427.9 767.8 419.9 767.8 418.9 768.8 412.4 769.3
0 540.4 769.3 539.9 768.8 521.9 768.8 521.4 769.3
0 1087.9 535.8 1072.9 535.8 1064.9 531.8 1060.4 527.3 1063.4 522.3 1066.4 519.3 1067.4 516.3 1069.9 513.8 1075.9 512.8 1076.9 511.8 1087.9 511.8
0 1087.9 601.8 1084.9 601.8 1081.9 603.8 1067.9 603.8 1061.9 600.8 1059.9 600.8 1054.9 595.8 1050.9 592.8 1046.9 591.8 1044.4 597.3 1044.4 603.3 1041.4 606.3 1039.4 612.3 1041.4 615.3 1041.4 625.3 1037.4 633.3 1031.4 638.3 1033.4 642.3 1041.4 650.3 1042.4 652.3 1042.4 657.3 1043.4 662.3 1041.9 664.8 1038.9 665.8 1028.9 665.8 1027.9 666.8 1014.9 666.8 1009.9 664.8 1006.9 666.8 994.9 666.8 993.9 665.8 982.9 665.8 981.9 664.8 974.9 664.8 973.9 663.8 968.9 663.8 964.9 662.8 958.9 664.8 949.9 664.8 944.9 662.8 935.9 662.8 930.9 661.8 928.4 659.3 926.4 653.3 923.4 647.3 924.4 642.3 924.4 637.3 925.4 636.3 925.4 629.3 924.4 626.3 918.4 620.3 918.4 619.3 913.4 614.3 908.4 603.3 905.9 601.8 899.4 595.3 898.4 593.3 899.4 586.3 904.9 580.8 907.4 577.3 908.4 573.3 912.9 568.8 917.4 565.3 919.4 561.3 919.4 558.3 923.4 554.3 925.4 550.3 929.9 544.8 931.9 544.8 936.9 541.8 939.9 538.8 941.9 538.8 946.9 544.8 951.9 544.8 954.9 542.8 957.9 542.8 960.9 544.8 965.9 545.8 971.9 538.8 980.9 538.8 983.9 536.8 988.9 536.8 989.9 537.8 995.9 537.8 996.9 536.8 1004.9 536.8 1013.9 540.8 1016.9 540.8 1020.9 538.8 1025.9 539.8 1031.9 543.8 1037.9 544.8 1040.9 547.8 1044.9 548.8 1049.9 551.8 1054.9 552.8 1059.9 555.8 1061.9 555.8 1066.9 559.8 1071.9 561.8 1075.9 564.8 1082.9 564.8 1087.9 566.8
0 892.9 568.8 890.4 567.3 891.4 563.3 894.9 560.8 897.4 562.3 896.4 566.3 892.9 568.8
0 986.9 698.8 980.9 697.8 980.4 696.3 982.9 694.8 985.9 694.8 988.4 697.3 986.9 698.8
0 609.9 527.8 597.9 527.8 592.9 526.8 588.9 524.8 585.4 520.3 585.4 515.3 589.4 507.3 591.9 504.8 596.9 502.8 604.9 501.8 612.9 504.8 615.9 504.8 622.4 510.3 625.4 517.3 625.4 522.3 621.9 525.8 615.9 525.8 609.9 527.8
0 644.9 652.8 641.9 652.8 636.9 648.8 630.9 646.8 624.4 640.3 620.4 634.3 621.4 629.3 621.4 617.3 620.4 613.3 616.4 606.3 608.4 598.3 607.4 592.3 600.4 588.3 600.4 582.3 592.9 579.8 589.4 576.3 588.4 572.3 584.9 568.8 582.9 568.8 580.4 566.3 578.4 562.3 578.4 551.3 576.4 549.3 576.9 546.8 582.9 546.8 589.9 543.8 592.9 544.8 598.9 544.8 599.9 545.8 607.9 545.8 608.9 546.8 614.9 544.8 617.9 544.8 624.9 541.8 631.9 535.8 639.9 531.8 644.9 530.8 650.9 526.8 656.9 524.8 661.9 524.8 667.4 530.3 669.4 533.3 671.4 539.3 671.4 551.3 668.4 558.3 665.4 561.3 663.4 565.3 655.4 573.3 656.4 575.3 656.4 585.3 657.4 589.3 660.4 593.3 663.4 599.3 663.4 609.3 662.4 612.3 656.9 617.8 650.9 620.8 646.4 622.3 646.4 626.3 649.4 634.3 649.4 645.3 647.4 650.3 644.9 652.8
1 453.9 516.8 450.9 516.8 449.4 515.3 449.4 499.3 448.4 498.3 448.4 492.3 452.4 486.3 452.4 482.3 448.4 476.3 447.4 472.3 447.4 426.3 445.9 422.8 439.9 422.8 438.9 423.8 430.9 425.8 424.9 431.8 419.9 433.8 412.9 439.8 409.9 440.8 404.9 447.8 401.9 449.8 399.4 446.3 396.4 435.3 398.9 431.8 405.9 424.8 408.9 423.8 411.9 420.8 417.9 417.8 423.9 412.8 430.9 410.8 435.9 407.8 442.9 406.8 445.4 405.3 446.4 402.3 446.4 397.3 447.4 396.3 447.4 391.3 448.4 390.3 448.4 382.3 449.4 381.3 449.4 371.3 450.4 370.3 450.4 364.3 451.4 363.3 451.4 356.3 453.4 351.3 453.4 346.3 454.4 345.3 454.4 340.3 456.4 334.3 456.4 327.3 458.4 318.3 460.9 315.8 464.9 315.8 468.9 311.8 474.9 312.8 476.4 315.3 476.4 328.3 475.4 329.3 475.4 349.3 473.4 354.3 473.4 358.3 471.4 363.3 471.4 371.3 470.4 372.3 470.4 377.3 469.4 378.3 469.4 384.3 468.4 385.3 468.4 393.3 467.4 394.3 467.4 414.3 466.4 415.3 466.4 430.3 467.4 431.3 467.4 439.3 466.4 440.3 466.4 460.3 465.4 461.3 465.4 483.3 464.4 484.3 464.4 496.3 462.4 501.3 462.4 506.3 465.4 509.3 466.4 513.3 459.9 515.8 454.9 515.8 453.9 516.8
