0 597.9 407.0 581.3 400.2 579.5 397.8 583.4 388.6 587.2 388.5 591.2 394.5 594.9 396.0 598.9 402.0 600.3 405.3 597.9 407.0
0 466.8 676.9 466.5 676.3 449.0 669.0 448.4 667.7 434.5 662.0 433.2 662.6 388.8 644.3 385.6 640.3 390.5 633.6 391.7 630.9 395.0 627.9 400.6 624.8 402.7 622.4 408.6 620.0 409.5 620.4 418.3 617.5 427.2 616.8 431.8 618.7 433.8 617.9 434.8 612.9 432.5 609.3 430.0 603.4 429.5 596.7 427.9 592.8 428.8 580.2 430.7 575.5 430.1 574.2 432.4 568.7 434.9 565.4 439.9 561.0 435.6 550.5 435.8 547.4 434.0 541.2 434.6 537.1 433.5 534.5 433.4 526.9 435.3 522.3 434.8 521.0 437.4 514.5 438.7 514.0 440.6 509.3 446.8 502.2 452.8 498.1 458.2 492.8 462.4 491.8 469.0 489.1 471.8 488.7 470.8 480.7 472.0 477.9 473.2 469.7 472.6 468.4 479.8 450.9 484.0 446.1 487.0 444.1 502.0 437.8 510.0 436.8 515.9 438.1 516.4 439.4 524.4 443.8 524.9 445.1 529.6 447.0 537.4 443.7 540.5 444.0 545.1 442.1 544.6 440.7 548.0 432.4 552.1 427.6 556.8 424.2 557.6 422.3 565.9 416.5 574.4 416.8 580.5 420.4 583.5 423.8 596.4 429.1 599.2 434.1 599.0 437.2 595.6 445.5 593.3 447.3 589.7 448.0 586.9 446.8 583.7 448.2 581.4 453.7 580.1 454.3 577.8 459.8 578.6 461.8 581.8 462.0 587.0 459.8 591.1 460.4 600.0 459.8 604.6 461.7 605.9 461.1 616.1 465.3 616.6 466.6 624.2 471.9 626.2 474.9 631.5 480.3 634.6 485.9 638.7 495.7 638.3 496.7 641.9 505.1 648.4 502.4 654.0 504.7 655.3 504.2 659.9 506.1 660.4 507.4 667.8 510.4 673.7 517.2 677.0 519.6 680.1 525.2 686.0 532.0 692.2 547.0 692.7 553.7 691.1 568.1 688.8 573.7 689.4 575.0 686.3 582.4 685.0 582.9 680.7 590.9 674.7 594.9 673.2 598.6 677.1 610.0 676.7 610.9 679.5 617.4 678.9 621.5 679.4 628.2 678.4 633.2 670.4 652.6 664.9 657.9 664.2 659.8 655.2 665.8 643.9 668.2 638.7 670.4 635.6 670.2 632.3 671.5 635.8 680.0 636.8 680.4 642.2 689.6 642.5 694.1 644.1 698.0 645.0 703.8 644.2 705.6 645.1 711.4 642.4 717.9 643.0 719.2 639.9 726.6 638.6 727.1 636.0 733.6 629.8 740.8 626.5 742.1 594.1 728.8 593.5 729.1
0 560.2 715.4 559.9 714.7 491.5 686.6 488.0 681.9 484.5 682.6 477.1 679.5 475.8 680.1 469.6 678.1
0 1183.1 719.3 1169.2 713.6 1163.3 706.9 1160.9 701.0 1165.6 697.5 1169.5 695.9 1171.6 693.5 1174.8 692.1 1180.8 693.5 1182.1 693.0 1192.2 697.1
0 1158.0 780.4 1155.2 779.2 1151.7 779.9 1138.7 774.6 1134.3 769.5 1132.5 768.8 1129.7 762.3 1127.2 758.0 1123.9 755.5 1119.5 759.6 1117.2 765.2 1113.3 766.8 1109.1 771.6 1109.8 775.1 1106.0 784.4 1099.3 790.3 1091.8 792.6 1092.1 797.1 1096.5 807.5 1096.7 809.7 1094.8 814.4 1093.8 819.4 1091.4 821.1 1088.3 820.9 1079.0 817.1 1077.7 817.6 1065.7 812.7 1061.9 808.9 1058.3 809.6 1047.2 805.1 1046.7 803.8 1036.5 799.6 1036.0 798.3 1029.5 795.6 1028.9 794.3 1024.3 792.4 1021.0 789.9 1014.7 789.5 1006.4 786.1 1002.5 782.3 994.2 778.9 989.9 776.1 988.6 772.8 989.0 766.5 988.5 759.8 991.4 755.6 993.3 750.9 994.6 750.4 997.2 743.9 997.4 740.8 994.2 732.9 994.6 732.0 991.8 725.5 991.4 713.4 989.7 711.1 986.1 702.6 986.0 700.4 989.6 694.3 996.7 691.3 1000.4 689.0 1002.8 685.7 1008.7 683.2 1014.2 681.7 1017.6 678.8 1018.7 676.0 1023.9 673.8 1027.3 670.9 1033.6 667.5 1035.4 668.3 1041.2 667.4 1045.1 665.8 1046.9 666.5 1049.3 674.0 1053.9 675.9 1057.4 675.2 1060.2 676.3 1062.2 679.3 1066.5 682.1 1074.7 677.9 1083.0 681.4 1086.5 680.7 1091.2 682.6 1091.7 683.9 1097.3 686.2 1098.6 685.6 1106.0 688.7 1112.8 695.8 1115.5 696.9 1120.0 696.6 1124.2 699.4 1128.3 705.4 1133.4 708.6 1135.1 712.5 1138.4 715.0 1141.9 719.7 1146.1 722.5 1149.6 727.2 1151.4 727.9 1154.5 733.5 1158.4 737.3 1161.0 741.6 1167.4 744.2 1171.3 748.0
0 990.2 675.6 988.5 673.3 990.9 670.0 995.1 669.0 996.9 671.3 994.4 674.6 990.2 675.6
0 1027.6 831.6 1022.5 828.4 1022.6 826.8 1025.5 826.4 1028.2 827.5 1029.6 830.8 1027.6 831.6
0 744.1 529.9 733.0 525.4 728.8 522.6 725.9 519.2 724.3 513.7 726.2 509.1 733.0 503.2 736.3 501.8 741.6 501.9 749.4 504.0 755.7 509.8 758.4 511.0 762.4 518.5 762.5 526.1 760.6 530.8 756.0 532.7 750.4 530.4 744.1 529.9
0 728.9 658.9 726.1 657.7 723.0 652.1 718.2 648.0 714.7 639.5 713.3 632.4 716.1 628.2 720.7 617.1 721.3 613.0 720.3 605.0 715.9 594.6 717.3 588.6 712.3 582.3 714.6 576.7 708.6 571.6 706.7 567.0 707.3 562.9 705.4 558.3 703.6 557.6 702.2 554.3 701.9 549.9 706.1 539.7 705.0 537.1 706.4 535.0 711.9 537.2 719.6 537.1 721.9 539.2 727.5 541.5 728.0 542.8 735.4 545.8 736.0 547.1 742.3 547.6 745.1 548.7 752.7 548.6 761.4 545.7 770.4 545.1 775.4 546.0 782.4 544.6 788.7 545.1 793.4 547.0 796.4 554.2 797.1 557.7 796.6 564.0 792.1 575.1 786.6 580.4 782.7 582.1 779.3 585.0 768.9 589.3 769.1 591.6 765.2 600.8 764.6 604.9 765.9 609.7 766.4 616.4 762.6 625.7 760.5 628.1 753.3 631.1 746.6 631.6 741.9 631.2 740.4 634.9 740.1 643.5 735.9 653.6 732.2 657.5 728.9 658.9
1 604.1 460.4 601.3 459.2 600.5 457.3 606.6 442.5 606.0 441.2 608.3 435.6 614.3 431.6 615.8 427.9 614.4 420.8 615.0 416.8 632.5 374.2 632.5 370.4 626.9 368.1 625.6 368.7 617.5 367.5 609.6 370.7 604.2 370.7 595.5 373.6 592.3 373.4 585.0 377.9 581.5 378.6 580.5 374.4 581.9 363.1 585.6 360.8 594.7 357.0 597.9 357.3 601.8 355.6 608.5 355.1 615.9 352.8 623.2 353.6 628.9 352.7 635.8 354.5 638.7 354.0 640.7 351.7 642.6 347.0 643.9 346.5 645.8 341.9 647.2 341.3 650.2 333.9 651.5 333.4 655.3 324.1 656.6 323.6 658.9 318.0 660.2 317.5 662.9 311.0 666.6 307.2 668.5 302.5 669.8 302.0 671.7 297.4 675.9 292.6 678.5 286.1 683.8 278.5 687.1 277.2 690.8 278.7 696.0 276.5 701.2 279.7 701.6 282.6 696.6 294.6 695.3 295.2 687.7 313.7 684.0 317.5 682.5 321.2 678.7 325.1 675.7 332.5 674.3 333.0 672.4 337.7 671.1 338.2 668.9 343.8 667.5 344.3 664.5 351.7 663.2 352.2 655.6 370.7 654.3 371.3 648.6 385.2 649.1 386.5 646.1 393.9 644.8 394.4 637.1 412.9 635.8 413.4 627.5 433.8 626.2 434.3 621.6 445.4 617.8 449.3 615.9 453.9 617.6 457.8 617.0 461.9 610.0 461.7 605.4 459.8 604.1 460.4
