0 716.0 665.5 715.5 668.0 717.5 667.0 716.0 665.5
0 713.0 662.5 710.5 664.0 714.0 665.5 713.0 662.5
0 697.0 641.5 695.5 643.0 697.5 644.0 697.0 641.5
0 739.0 229.5 727.0 229.5 726.0 230.5 721.0 230.5 716.0 231.5 709.0 234.5 707.0 236.5 704.0 236.5 700.5 239.0 700.5 248.0 699.5 249.0 699.5 262.0 698.5 265.0 694.0 268.5 683.0 263.5 673.0 263.5 668.0 264.5 661.0 267.5 657.0 270.5 651.5 276.0 649.5 279.0 646.5 286.0 645.5 291.0 645.5 301.0 647.5 307.0 652.5 315.0 660.5 323.0 660.5 329.0 657.0 332.5 652.0 333.5 643.0 338.5 638.5 343.0 637.5 346.0 631.0 353.5 624.0 353.5 623.0 352.5 611.0 352.5 604.0 355.5 600.0 359.5 596.0 361.5 591.5 366.0 587.5 378.0 587.5 389.0 589.5 394.0 589.5 397.0 591.5 401.0 596.0 404.5 605.5 414.0 604.5 416.0 600.0 420.5 599.0 420.5 594.5 426.0 591.5 432.0 591.5 439.0 589.5 443.0 584.0 447.5 579.0 449.5 565.5 463.0 564.5 469.0 562.5 473.0 562.5 486.0 563.5 487.0 566.5 499.0 569.5 502.0 570.5 505.0 576.0 510.5 585.0 515.5 590.0 516.5 591.5 518.0 591.5 536.0 592.5 539.0 595.5 543.0 595.5 545.0 598.5 551.0 605.0 557.5 608.0 559.5 616.0 562.5 622.0 562.5 623.0 563.5 628.0 563.5 629.0 562.5 635.0 562.5 639.0 561.5 642.0 559.5 646.0 559.5 648.5 563.0 649.5 568.0 653.5 575.0 659.0 580.5 667.0 584.5 672.0 585.5 686.0 585.5 687.0 584.5 695.0 582.5 702.0 578.5 706.0 578.5 708.5 581.0 709.5 585.0 712.5 590.0 720.0 597.5 726.0 598.5 731.0 600.5 742.0 600.5 747.0 599.5 752.0 595.5 755.0 594.5 761.5 588.0 766.0 580.5 769.0 580.5 777.5 589.0 779.5 593.0 784.0 597.5 793.0 601.5 799.0 601.5 800.0 602.5 807.0 602.5 808.0 601.5 813.0 601.5 818.0 599.5 826.5 591.0 828.5 588.0 831.5 579.0 831.5 566.0 826.5 552.0 821.5 548.0 821.5 547.0 816.5 542.0 818.0 538.5 826.0 537.5 831.0 534.5 834.0 531.5 837.0 530.5 839.5 528.0 842.5 522.0 842.5 511.0 843.5 510.0 843.5 503.0 840.5 496.0 839.5 489.0 837.5 485.0 837.5 474.0 839.5 469.0 839.5 456.0 837.5 450.0 836.5 443.0 834.0 440.5 830.0 438.5 824.0 437.5 818.0 430.5 814.0 429.5 802.0 429.5 799.5 432.0 799.5 438.0 797.0 445.5 795.5 442.0 791.5 437.0 791.5 434.0 789.5 429.0 788.5 422.0 784.5 418.0 779.5 407.0 779.5 403.0 783.5 398.0 787.5 390.0 788.5 386.0 788.5 380.0 785.5 372.0 782.5 367.0 779.5 365.0 777.0 361.5 772.0 358.5 768.0 357.5 751.0 357.5 749.5 355.0 749.5 343.0 743.5 332.0 741.5 327.0 745.0 323.5 754.0 319.5 758.5 315.0 761.5 310.0 765.5 298.0 765.5 287.0 761.5 279.0 761.5 271.0 763.5 265.0 763.5 253.0 761.5 250.0 761.5 247.0 759.5 242.0 755.0 237.5 751.0 235.5 748.0 232.5 739.0 229.5
0 453.0 52.5 446.0 52.5 442.0 54.5 428.0 54.5 423.0 56.5 416.5 63.0 414.5 68.0 414.5 80.0 410.5 84.0 408.5 89.0 408.5 98.0 409.5 99.0 409.5 106.0 405.5 114.0 405.5 122.0 407.5 128.0 419.5 140.0 419.5 144.0 414.5 149.0 411.5 160.0 412.5 161.0 412.5 167.0 416.5 176.0 420.0 180.5 425.0 182.5 426.5 184.0 423.5 187.0 420.5 192.0 418.5 198.0 418.5 208.0 422.5 218.0 418.0 221.5 411.0 222.5 406.0 224.5 399.5 231.0 397.5 236.0 396.5 241.0 396.5 255.0 397.5 258.0 396.0 259.5 386.0 259.5 381.5 262.0 380.5 264.0 380.5 276.0 380.0 278.5 373.0 281.5 368.5 286.0 364.5 295.0 364.5 304.0 365.5 307.0 369.5 314.0 375.0 319.5 380.5 323.0 379.5 328.0 379.5 337.0 382.5 344.0 387.0 348.5 398.0 353.5 408.0 353.5 412.0 352.5 417.0 349.5 420.0 350.5 430.0 356.5 436.0 358.5 438.0 360.5 447.0 360.5 453.0 356.5 457.0 356.5 462.5 361.0 463.5 367.0 464.5 368.0 464.5 373.0 465.5 374.0 465.5 382.0 468.0 385.5 472.0 387.5 488.0 387.5 493.0 386.5 500.0 383.5 503.0 384.5 508.0 384.5 509.0 385.5 524.0 385.5 527.0 383.5 531.5 379.0 533.5 375.0 533.5 363.0 527.0 356.5 524.0 356.5 518.5 354.0 521.5 350.0 524.5 340.0 525.5 339.0 525.5 333.0 528.5 329.0 535.5 322.0 538.5 314.0 538.5 297.0 539.5 295.0 544.5 290.0 548.5 280.0 548.5 274.0 546.5 269.0 545.5 264.0 540.0 260.5 532.0 258.5 518.0 258.5 515.5 255.0 515.5 253.0 518.5 250.0 522.5 241.0 522.5 230.0 523.5 229.0 523.5 224.0 524.5 223.0 524.5 213.0 529.5 205.0 531.5 199.0 531.5 193.0 529.5 187.0 526.5 183.0 525.5 178.0 526.5 175.0 531.5 168.0 532.5 164.0 532.5 156.0 529.5 149.0 524.0 142.5 518.0 140.5 514.5 138.0 514.5 124.0 510.5 118.0 504.0 112.5 495.0 108.5 492.5 106.0 491.5 103.0 493.0 102.5 498.5 97.0 500.5 93.0 500.5 79.0 497.5 72.0 492.0 66.5 485.0 63.5 468.0 63.5 463.0 60.5 457.0 53.5 453.0 52.5
0 1087.0 421.5 1081.0 421.5 1077.0 424.5 1071.0 425.5 1065.0 428.5 1061.0 429.5 1056.5 433.0 1055.5 436.0 1055.5 442.0 1057.5 448.0 1057.5 456.0 1058.5 459.0 1065.0 465.5 1071.0 467.5 1078.0 466.5 1084.0 463.5 1088.5 459.0 1091.5 453.0 1091.5 428.0 1089.5 423.0 1087.0 421.5
0 1040.0 434.5 1026.0 434.5 1025.0 435.5 1014.0 435.5 1012.5 437.0 1012.5 442.0 1013.5 444.0 1018.0 448.5 1025.0 451.5 1036.0 451.5 1039.5 448.0 1042.5 442.0 1042.5 437.0 1040.0 434.5
0 1027.0 421.5 1024.0 422.5 1018.0 422.5 1011.5 427.0 1011.5 430.0 1014.0 431.5 1023.0 429.5 1033.0 429.5 1034.5 428.0 1035.5 424.0 1033.0 422.5 1028.0 422.5 1027.0 421.5
0 1061.0 387.5 1051.0 387.5 1046.0 390.5 1040.5 399.0 1043.5 410.0 1048.0 414.5 1055.0 418.5 1057.0 420.5 1061.0 421.5 1063.0 420.5 1068.0 420.5 1073.0 418.5 1076.5 415.0 1079.5 406.0 1081.5 404.0 1081.5 399.0 1079.5 393.0 1077.0 389.5 1074.0 388.5 1062.0 388.5 1061.0 387.5
0 1108.0 391.5 1101.0 391.5 1098.5 393.0 1098.5 403.0 1099.5 408.0 1102.5 417.0 1109.0 420.5 1115.0 420.5 1120.5 415.0 1121.5 413.0 1121.5 402.0 1117.0 395.5 1112.0 392.5 1108.0 391.5
1 1064.0 465.5 1062.0 465.5 1060.5 468.0 1060.5 476.0 1062.5 479.0 1062.5 482.0 1066.5 486.0 1069.0 491.5 1074.0 493.5 1081.0 493.5 1082.5 492.0 1082.5 487.0 1081.5 485.0 1076.5 480.0 1072.5 471.0 1068.0 467.5 1064.0 465.5
0 0.0 431.5 3.5 434.0 5.5 438.0 11.0 442.5 17.0 443.5 22.0 449.5 28.0 449.5 29.0 448.5 35.0 447.5 39.5 443.0 42.5 436.0 43.5 432.0 43.5 424.0 40.0 421.5 36.0 420.5 21.0 420.5 17.0 419.5 14.0 417.5 5.0 417.5 0.0 419.5
0 105.0 382.5 97.0 382.5 96.0 383.5 89.0 383.5 84.0 385.5 81.5 388.0 80.5 392.0 81.5 397.0 83.5 400.0 84.5 406.0 86.5 409.0 91.5 414.0 91.5 415.0 96.0 419.5 102.0 420.5 105.5 416.0 116.0 408.5 120.5 403.0 122.5 399.0 122.5 392.0 119.0 387.5 116.0 385.5 106.0 383.5 105.0 382.5
0 74.0 304.5 67.0 304.5 63.0 305.5 57.0 309.5 50.0 309.5 46.0 307.5 36.0 307.5 27.0 310.5 21.5 316.0 20.5 322.0 19.5 323.0 19.5 329.0 22.5 340.0 18.5 344.0 17.0 347.5 11.0 346.5 8.5 349.0 12.0 351.5 16.0 350.5 19.0 353.5 23.0 353.5 27.0 350.5 34.0 349.5 37.0 350.5 38.5 353.0 38.5 356.0 41.5 362.0 45.0 365.5 52.0 369.5 58.0 371.5 62.0 374.5 65.0 373.5 70.0 373.5 71.0 372.5 77.0 372.5 78.0 371.5 84.0 371.5 85.0 370.5 91.0 370.5 92.0 369.5 106.0 369.5 110.0 368.5 114.5 365.0 115.5 361.0 113.5 356.0 111.0 353.5 100.0 349.5 96.5 347.0 96.5 343.0 98.5 340.0 98.5 332.0 96.5 327.0 90.5 321.0 87.5 312.0 82.0 306.5 74.0 304.5
0 503.0 421.5 497.0 421.5 480.0 429.5 477.0 431.5 469.0 439.5 468.0 439.5 462.5 445.0 459.5 452.0 460.5 457.0 459.5 459.0 454.5 463.0 455.5 465.0 455.5 471.0 456.5 475.0 458.5 478.0 458.5 490.0 460.5 495.0 470.0 504.5 474.0 505.5 479.0 505.5 483.0 504.5 489.0 501.5 493.0 498.5 496.5 494.0 496.5 484.0 493.0 478.5 490.0 478.5 488.5 477.0 492.5 463.0 493.5 462.0 493.5 451.0 496.0 448.5 502.0 445.5 506.5 441.0 507.5 439.0 507.5 429.0 505.5 424.0 503.0 421.5
0 435.0 446.5 428.0 446.5 417.0 451.5 413.0 452.5 409.5 456.0 409.5 464.0 412.5 472.0 416.0 474.5 420.0 475.5 428.0 475.5 436.0 472.5 441.5 467.0 442.5 463.0 446.0 459.5 450.5 458.0 450.5 456.0 445.0 451.5 443.0 451.5 437.0 448.5 435.0 446.5
0 549.0 420.5 543.0 420.5 542.0 421.5 526.0 421.5 522.5 425.0 520.5 431.0 520.5 439.0 521.5 440.0 521.5 455.0 520.5 456.0 520.5 464.0 524.0 468.5 531.0 471.5 538.0 471.5 542.0 469.5 547.0 464.5 548.0 464.5 557.5 455.0 558.5 449.0 557.0 447.5 551.5 445.0 551.5 442.0 554.5 438.0 555.5 435.0 555.5 429.0 552.5 423.0 549.0 420.5
0 452.0 392.5 436.0 392.5 433.5 398.0 433.5 403.0 432.0 404.5 430.0 403.5 423.0 403.5 417.0 405.5 414.0 407.5 408.5 413.0 407.5 416.0 407.5 422.0 409.5 428.0 412.5 433.0 417.0 437.5 423.0 437.5 429.0 434.5 431.0 432.5 435.0 433.5 440.0 433.5 448.0 430.5 453.5 425.0 454.5 423.0 454.5 412.0 456.5 408.0 456.5 402.0 454.5 395.0 452.0 392.5
0 474.0 399.5 468.0 399.5 466.5 401.0 466.5 411.0 469.0 414.5 471.0 415.5 477.0 414.5 481.5 408.0 481.5 404.0 479.0 401.5 474.0 399.5
0 840.0 318.5 835.0 319.5 829.5 325.0 827.5 329.0 827.5 337.0 831.5 345.0 834.5 349.0 834.5 360.0 841.5 366.0 841.5 367.0 846.0 370.5 853.0 369.5 858.0 366.5 862.5 362.0 865.5 356.0 867.0 354.5 871.0 354.5 876.0 352.5 884.0 352.5 886.0 351.5 891.5 346.0 891.5 342.0 889.0 339.5 882.0 336.5 878.0 333.5 872.0 332.5 868.0 330.5 861.0 332.5 857.0 329.5 851.0 329.5 846.5 325.0 845.5 322.0 843.0 319.5 840.0 318.5
0 918.0 332.5 914.0 335.5 911.0 336.5 910.0 339.5 916.0 340.5 920.5 338.0 918.0 332.5
0 933.0 230.5 926.0 230.5 922.5 233.0 924.5 238.0 924.5 257.0 923.5 258.0 924.5 262.0 929.5 267.0 930.5 270.0 938.0 276.5 943.0 278.5 947.0 277.5 950.5 273.0 950.5 267.0 945.5 264.0 945.5 261.0 947.5 253.0 948.5 252.0 948.5 245.0 947.5 241.0 944.5 236.0 941.0 232.5 934.0 231.5 933.0 230.5
0 895.0 182.5 886.0 183.5 882.0 185.5 876.5 192.0 873.5 199.0 876.5 205.0 881.0 208.5 893.0 208.5 895.0 210.5 900.0 212.5 908.0 218.5 919.0 218.5 920.0 217.5 931.0 217.5 935.0 216.5 938.5 213.0 938.5 205.0 935.5 200.0 930.0 193.5 926.0 191.5 918.0 191.5 913.0 193.5 909.0 192.5 903.0 186.5 895.0 182.5
0 1279.0 405.5 1272.0 406.5 1266.0 409.5 1260.0 411.5 1254.5 417.0 1254.5 418.0 1247.5 425.0 1244.5 431.0 1243.5 435.0 1243.5 443.0 1248.5 454.0 1258.5 464.0 1255.0 467.5 1252.0 468.5 1243.5 477.0 1240.5 484.0 1240.5 492.0 1243.5 503.0 1245.5 506.0 1251.0 511.5 1254.5 514.0 1255.5 518.0 1251.0 520.5 1245.0 520.5 1241.0 522.5 1236.0 523.5 1233.0 525.5 1227.5 531.0 1224.5 538.0 1224.5 550.0 1227.5 556.0 1227.5 558.0 1230.5 562.0 1230.5 566.0 1227.0 568.5 1225.0 568.5 1218.0 572.5 1215.5 575.0 1214.5 579.0 1210.5 586.0 1205.5 596.0 1204.5 600.0 1204.5 607.0 1205.5 611.0 1211.5 622.0 1218.0 628.5 1227.0 634.5 1240.0 638.5 1254.0 638.5 1255.0 637.5 1262.0 636.5 1272.0 630.5 1276.5 625.0 1276.5 623.0 1279.0 621.5
1 704.0 576.5 702.0 576.5 697.0 581.5 696.0 581.5 691.5 587.0 691.5 614.0 690.5 615.0 690.5 631.0 691.5 636.0 694.5 642.0 695.5 648.0 704.5 662.0 704.5 663.0 712.0 670.5 715.0 671.5 722.0 676.5 728.0 677.5 732.0 675.5 735.0 675.5 736.5 672.0 733.0 670.5 729.5 667.0 729.5 663.0 726.0 659.5 723.0 658.5 713.5 649.0 712.5 644.0 710.5 641.0 709.5 636.0 709.5 617.0 708.5 616.0 708.5 610.0 707.5 609.0 707.5 593.0 709.5 587.0 708.5 583.0 706.0 577.5 704.0 576.5
1 462.0 349.5 455.0 353.5 451.5 358.0 451.5 363.0 452.5 364.0 452.5 375.0 453.5 376.0 453.5 384.0 455.5 388.0 454.5 390.0 454.5 395.0 455.5 396.0 455.5 417.0 456.5 420.0 459.0 420.5 463.5 418.0 465.5 411.0 465.5 402.0 466.5 401.0 466.5 392.0 464.5 388.0 465.5 387.0 465.5 368.0 464.5 367.0 464.5 360.0 463.5 359.0 463.5 351.0 462.0 349.5
1 897.0 374.5 894.5 377.0 893.5 380.0 893.5 387.0 892.5 388.0 892.5 394.0 895.5 400.0 897.5 408.0 901.0 410.5 903.5 409.0 904.5 404.0 904.5 396.0 902.5 390.0 902.5 385.0 900.5 378.0 897.0 374.5
