0 564.0 54.5 564.5 52.0 562.5 53.0 564.0 54.5
0 567.0 57.5 569.5 56.0 566.0 54.5 567.0 57.5
0 583.0 78.5 584.5 77.0 582.5 76.0 583.0 78.5
0 541.0 490.5 553.0 490.5 554.0 489.5 559.0 489.5 564.0 488.5 571.0 485.5 573.0 483.5 576.0 483.5 579.5 481.0 579.5 472.0 580.5 471.0 580.5 458.0 581.5 455.0 586.0 451.5 597.0 456.5 607.0 456.5 612.0 455.5 619.0 452.5 623.0 449.5 628.5 444.0 630.5 441.0 633.5 434.0 634.5 429.0 634.5 419.0 632.5 413.0 627.5 405.0 619.5 397.0 619.5 391.0 623.0 387.5 628.0 386.5 637.0 381.5 641.5 377.0 642.5 374.0 649.0 366.5 656.0 366.5 657.0 367.5 669.0 367.5 676.0 364.5 680.0 360.5 684.0 358.5 688.5 354.0 692.5 342.0 692.5 331.0 690.5 326.0 690.5 323.0 688.5 319.0 684.0 315.5 674.5 306.0 675.5 304.0 680.0 299.5 681.0 299.5 685.5 294.0 688.5 288.0 688.5 281.0 690.5 277.0 696.0 272.5 701.0 270.5 714.5 257.0 715.5 251.0 717.5 247.0 717.5 234.0 716.5 233.0 713.5 221.0 710.5 218.0 709.5 215.0 704.0 209.5 695.0 204.5 690.0 203.5 688.5 202.0 688.5 184.0 687.5 181.0 684.5 177.0 684.5 175.0 681.5 169.0 675.0 162.5 672.0 160.5 664.0 157.5 658.0 157.5 657.0 156.5 652.0 156.5 651.0 157.5 645.0 157.5 641.0 158.5 638.0 160.5 634.0 160.5 631.5 157.0 630.5 152.0 626.5 145.0 621.0 139.5 613.0 135.5 608.0 134.5 594.0 134.5 593.0 135.5 585.0 137.5 578.0 141.5 574.0 141.5 571.5 139.0 570.5 135.0 567.5 130.0 560.0 122.5 554.0 121.5 549.0 119.5 538.0 119.5 533.0 120.5 528.0 124.5 525.0 125.5 518.5 132.0 514.0 139.5 511.0 139.5 502.5 131.0 500.5 127.0 496.0 122.5 487.0 118.5 481.0 118.5 480.0 117.5 473.0 117.5 472.0 118.5 467.0 118.5 462.0 120.5 453.5 129.0 451.5 132.0 448.5 141.0 448.5 154.0 453.5 168.0 458.5 172.0 458.5 173.0 463.5 178.0 462.0 181.5 454.0 182.5 449.0 185.5 446.0 188.5 443.0 189.5 440.5 192.0 437.5 198.0 437.5 209.0 436.5 210.0 436.5 217.0 439.5 224.0 440.5 231.0 442.5 235.0 442.5 246.0 440.5 251.0 440.5 264.0 442.5 270.0 443.5 277.0 446.0 279.5 450.0 281.5 456.0 282.5 462.0 289.5 466.0 290.5 478.0 290.5 480.5 288.0 480.5 282.0 483.0 274.5 484.5 278.0 488.5 283.0 488.5 286.0 490.5 291.0 491.5 298.0 495.5 302.0 500.5 313.0 500.5 317.0 496.5 322.0 492.5 330.0 491.5 334.0 491.5 340.0 494.5 348.0 497.5 353.0 500.5 355.0 503.0 358.5 508.0 361.5 512.0 362.5 529.0 362.5 530.5 365.0 530.5 377.0 536.5 388.0 538.5 393.0 535.0 396.5 526.0 400.5 521.5 405.0 518.5 410.0 514.5 422.0 514.5 433.0 518.5 441.0 518.5 449.0 516.5 455.0 516.5 467.0 518.5 470.0 518.5 473.0 520.5 478.0 525.0 482.5 529.0 484.5 532.0 487.5 541.0 490.5
0 827.0 667.5 834.0 667.5 838.0 665.5 852.0 665.5 857.0 663.5 863.5 657.0 865.5 652.0 865.5 640.0 869.5 636.0 871.5 631.0 871.5 622.0 870.5 621.0 870.5 614.0 874.5 606.0 874.5 598.0 872.5 592.0 860.5 580.0 860.5 576.0 865.5 571.0 868.5 560.0 867.5 559.0 867.5 553.0 863.5 544.0 860.0 539.5 855.0 537.5 853.5 536.0 856.5 533.0 859.5 528.0 861.5 522.0 861.5 512.0 857.5 502.0 862.0 498.5 869.0 497.5 874.0 495.5 880.5 489.0 882.5 484.0 883.5 479.0 883.5 465.0 882.5 462.0 884.0 460.5 894.0 460.5 898.5 458.0 899.5 456.0 899.5 444.0 900.0 441.5 907.0 438.5 911.5 434.0 915.5 425.0 915.5 416.0 914.5 413.0 910.5 406.0 905.0 400.5 899.5 397.0 900.5 392.0 900.5 383.0 897.5 376.0 893.0 371.5 882.0 366.5 872.0 366.5 868.0 367.5 863.0 370.5 860.0 369.5 850.0 363.5 844.0 361.5 842.0 359.5 833.0 359.5 827.0 363.5 823.0 363.5 817.5 359.0 816.5 353.0 815.5 352.0 815.5 347.0 814.5 346.0 814.5 338.0 812.0 334.5 808.0 332.5 792.0 332.5 787.0 333.5 780.0 336.5 777.0 335.5 772.0 335.5 771.0 334.5 756.0 334.5 753.0 336.5 748.5 341.0 746.5 345.0 746.5 357.0 753.0 363.5 756.0 363.5 761.5 366.0 758.5 370.0 755.5 380.0 754.5 381.0 754.5 387.0 751.5 391.0 744.5 398.0 741.5 406.0 741.5 423.0 740.5 425.0 735.5 430.0 731.5 440.0 731.5 446.0 733.5 451.0 734.5 456.0 740.0 459.5 748.0 461.5 762.0 461.5 764.5 465.0 764.5 467.0 761.5 470.0 757.5 479.0 757.5 490.0 756.5 491.0 756.5 496.0 755.5 497.0 755.5 507.0 750.5 515.0 748.5 521.0 748.5 527.0 750.5 533.0 753.5 537.0 754.5 542.0 753.5 545.0 748.5 552.0 747.5 556.0 747.5 564.0 750.5 571.0 756.0 577.5 762.0 579.5 765.5 582.0 765.5 596.0 769.5 602.0 776.0 607.5 785.0 611.5 787.5 614.0 788.5 617.0 787.0 617.5 781.5 623.0 779.5 627.0 779.5 641.0 782.5 648.0 788.0 653.5 795.0 656.5 812.0 656.5 817.0 659.5 823.0 666.5 827.0 667.5
0 193.0 298.5 199.0 298.5 203.0 295.5 209.0 294.5 215.0 291.5 219.0 290.5 223.5 287.0 224.5 284.0 224.5 278.0 222.5 272.0 222.5 264.0 221.5 261.0 215.0 254.5 209.0 252.5 202.0 253.5 196.0 256.5 191.5 261.0 188.5 267.0 188.5 292.0 190.5 297.0 193.0 298.5
0 240.0 285.5 254.0 285.5 255.0 284.5 266.0 284.5 267.5 283.0 267.5 278.0 266.5 276.0 262.0 271.5 255.0 268.5 244.0 268.5 240.5 272.0 237.5 278.0 237.5 283.0 240.0 285.5
0 253.0 298.5 256.0 297.5 262.0 297.5 268.5 293.0 268.5 290.0 266.0 288.5 257.0 290.5 247.0 290.5 245.5 292.0 244.5 296.0 247.0 297.5 252.0 297.5 253.0 298.5
0 219.0 332.5 229.0 332.5 234.0 329.5 239.5 321.0 236.5 310.0 232.0 305.5 225.0 301.5 223.0 299.5 219.0 298.5 217.0 299.5 212.0 299.5 207.0 301.5 203.5 305.0 200.5 314.0 198.5 316.0 198.5 321.0 200.5 327.0 203.0 330.5 206.0 331.5 218.0 331.5 219.0 332.5
0 172.0 328.5 179.0 328.5 181.5 327.0 181.5 317.0 180.5 312.0 177.5 303.0 171.0 299.5 165.0 299.5 159.5 305.0 158.5 307.0 158.5 318.0 163.0 324.5 168.0 327.5 172.0 328.5
1 216.0 254.5 218.0 254.5 219.5 252.0 219.5 244.0 217.5 241.0 217.5 238.0 213.5 234.0 211.0 228.5 206.0 226.5 199.0 226.5 197.5 228.0 197.5 233.0 198.5 235.0 203.5 240.0 207.5 249.0 212.0 252.5 216.0 254.5
0 1280.0 288.5 1276.5 286.0 1274.5 282.0 1269.0 277.5 1263.0 276.5 1258.0 270.5 1252.0 270.5 1251.0 271.5 1245.0 272.5 1240.5 277.0 1237.5 284.0 1236.5 288.0 1236.5 296.0 1240.0 298.5 1244.0 299.5 1259.0 299.5 1263.0 300.5 1266.0 302.5 1275.0 302.5 1280.0 300.5
0 1175.0 337.5 1183.0 337.5 1184.0 336.5 1191.0 336.5 1196.0 334.5 1198.5 332.0 1199.5 328.0 1198.5 323.0 1196.5 320.0 1195.5 314.0 1193.5 311.0 1188.5 306.0 1188.5 305.0 1184.0 300.5 1178.0 299.5 1174.5 304.0 1164.0 311.5 1159.5 317.0 1157.5 321.0 1157.5 328.0 1161.0 332.5 1164.0 334.5 1174.0 336.5 1175.0 337.5
0 1206.0 415.5 1213.0 415.5 1217.0 414.5 1223.0 410.5 1230.0 410.5 1234.0 412.5 1244.0 412.5 1253.0 409.5 1258.5 404.0 1259.5 398.0 1260.5 397.0 1260.5 391.0 1257.5 380.0 1261.5 376.0 1263.0 372.5 1269.0 373.5 1271.5 371.0 1268.0 368.5 1264.0 369.5 1261.0 366.5 1257.0 366.5 1253.0 369.5 1246.0 370.5 1243.0 369.5 1241.5 367.0 1241.5 364.0 1238.5 358.0 1235.0 354.5 1228.0 350.5 1222.0 348.5 1218.0 345.5 1215.0 346.5 1210.0 346.5 1209.0 347.5 1203.0 347.5 1202.0 348.5 1196.0 348.5 1195.0 349.5 1189.0 349.5 1188.0 350.5 1174.0 350.5 1170.0 351.5 1165.5 355.0 1164.5 359.0 1166.5 364.0 1169.0 366.5 1180.0 370.5 1183.5 373.0 1183.5 377.0 1181.5 380.0 1181.5 388.0 1183.5 393.0 1189.5 399.0 1192.5 408.0 1198.0 413.5 1206.0 415.5
0 777.0 298.5 783.0 298.5 800.0 290.5 803.0 288.5 811.0 280.5 812.0 280.5 817.5 275.0 820.5 268.0 819.5 263.0 820.5 261.0 825.5 257.0 824.5 255.0 824.5 249.0 823.5 245.0 821.5 242.0 821.5 230.0 819.5 225.0 810.0 215.5 806.0 214.5 801.0 214.5 797.0 215.5 791.0 218.5 787.0 221.5 783.5 226.0 783.5 236.0 787.0 241.5 790.0 241.5 791.5 243.0 787.5 257.0 786.5 258.0 786.5 269.0 784.0 271.5 778.0 274.5 773.5 279.0 772.5 281.0 772.5 291.0 774.5 296.0 777.0 298.5
0 845.0 273.5 852.0 273.5 863.0 268.5 867.0 267.5 870.5 264.0 870.5 256.0 867.5 248.0 864.0 245.5 860.0 244.5 852.0 244.5 844.0 247.5 838.5 253.0 837.5 257.0 834.0 260.5 829.5 262.0 829.5 264.0 835.0 268.5 837.0 268.5 843.0 271.5 845.0 273.5
0 731.0 299.5 737.0 299.5 738.0 298.5 754.0 298.5 757.5 295.0 759.5 289.0 759.5 281.0 758.5 280.0 758.5 265.0 759.5 264.0 759.5 256.0 756.0 251.5 749.0 248.5 742.0 248.5 738.0 250.5 733.0 255.5 732.0 255.5 722.5 265.0 721.5 271.0 723.0 272.5 728.5 275.0 728.5 278.0 725.5 282.0 724.5 285.0 724.5 291.0 727.5 297.0 731.0 299.5
0 828.0 327.5 844.0 327.5 846.5 322.0 846.5 317.0 848.0 315.5 850.0 316.5 857.0 316.5 863.0 314.5 866.0 312.5 871.5 307.0 872.5 304.0 872.5 298.0 870.5 292.0 867.5 287.0 863.0 282.5 857.0 282.5 851.0 285.5 849.0 287.5 845.0 286.5 840.0 286.5 832.0 289.5 826.5 295.0 825.5 297.0 825.5 308.0 823.5 312.0 823.5 318.0 825.5 325.0 828.0 327.5
0 806.0 320.5 812.0 320.5 813.5 319.0 813.5 309.0 811.0 305.5 809.0 304.5 803.0 305.5 798.5 312.0 798.5 316.0 801.0 318.5 806.0 320.5
0 440.0 401.5 445.0 400.5 450.5 395.0 452.5 391.0 452.5 383.0 448.5 375.0 445.5 371.0 445.5 360.0 438.5 354.0 438.5 353.0 434.0 349.5 427.0 350.5 422.0 353.5 417.5 358.0 414.5 364.0 413.0 365.5 409.0 365.5 404.0 367.5 396.0 367.5 394.0 368.5 388.5 374.0 388.5 378.0 391.0 380.5 398.0 383.5 402.0 386.5 408.0 387.5 412.0 389.5 419.0 387.5 423.0 390.5 429.0 390.5 433.5 395.0 434.5 398.0 437.0 400.5 440.0 401.5
0 362.0 387.5 366.0 384.5 369.0 383.5 370.0 380.5 364.0 379.5 359.5 382.0 362.0 387.5
0 347.0 489.5 354.0 489.5 357.5 487.0 355.5 482.0 355.5 463.0 356.5 462.0 355.5 458.0 350.5 453.0 349.5 450.0 342.0 443.5 337.0 441.5 333.0 442.5 329.5 447.0 329.5 453.0 334.5 456.0 334.5 459.0 332.5 467.0 331.5 468.0 331.5 475.0 332.5 479.0 335.5 484.0 339.0 487.5 346.0 488.5 347.0 489.5
0 385.0 537.5 394.0 536.5 398.0 534.5 403.5 528.0 406.5 521.0 403.5 515.0 399.0 511.5 387.0 511.5 385.0 509.5 380.0 507.5 372.0 501.5 361.0 501.5 360.0 502.5 349.0 502.5 345.0 503.5 341.5 507.0 341.5 515.0 344.5 520.0 350.0 526.5 354.0 528.5 362.0 528.5 367.0 526.5 371.0 527.5 377.0 533.5 385.0 537.5
0 1.0 314.5 8.0 313.5 14.0 310.5 20.0 308.5 25.5 303.0 25.5 302.0 32.5 295.0 35.5 289.0 36.5 285.0 36.5 277.0 31.5 266.0 21.5 256.0 25.0 252.5 28.0 251.5 36.5 243.0 39.5 236.0 39.5 228.0 36.5 217.0 34.5 214.0 29.0 208.5 25.5 206.0 24.5 202.0 29.0 199.5 35.0 199.5 39.0 197.5 44.0 196.5 47.0 194.5 52.5 189.0 55.5 182.0 55.5 170.0 52.5 164.0 52.5 162.0 49.5 158.0 49.5 154.0 53.0 151.5 55.0 151.5 62.0 147.5 64.5 145.0 65.5 141.0 69.5 134.0 74.5 124.0 75.5 120.0 75.5 113.0 74.5 109.0 68.5 98.0 62.0 91.5 53.0 85.5 40.0 81.5 26.0 81.5 25.0 82.5 18.0 83.5 8.0 89.5 3.5 95.0 3.5 97.0 1.0 98.5
1 576.0 143.5 578.0 143.5 583.0 138.5 584.0 138.5 588.5 133.0 588.5 106.0 589.5 105.0 589.5 89.0 588.5 84.0 585.5 78.0 584.5 72.0 575.5 58.0 575.5 57.0 568.0 49.5 565.0 48.5 558.0 43.5 552.0 42.5 548.0 44.5 545.0 44.5 543.5 48.0 547.0 49.5 550.5 53.0 550.5 57.0 554.0 60.5 557.0 61.5 566.5 71.0 567.5 76.0 569.5 79.0 570.5 84.0 570.5 103.0 571.5 104.0 571.5 110.0 572.5 111.0 572.5 127.0 570.5 133.0 571.5 137.0 574.0 142.5 576.0 143.5
1 818.0 370.5 825.0 366.5 828.5 362.0 828.5 357.0 827.5 356.0 827.5 345.0 826.5 344.0 826.5 336.0 824.5 332.0 825.5 330.0 825.5 325.0 824.5 324.0 824.5 303.0 823.5 300.0 821.0 299.5 816.5 302.0 814.5 309.0 814.5 318.0 813.5 319.0 813.5 328.0 815.5 332.0 814.5 333.0 814.5 352.0 815.5 353.0 815.5 360.0 816.5 361.0 816.5 369.0 818.0 370.5
1 383.0 345.5 385.5 343.0 386.5 340.0 386.5 333.0 387.5 332.0 387.5 326.0 384.5 320.0 382.5 312.0 379.0 309.5 376.5 311.0 375.5 316.0 375.5 324.0 377.5 330.0 377.5 335.0 379.5 342.0 383.0 345.5
