0 716.9 112.6 716.4 110.6 718.4 111.4 716.9 112.6
0 713.8 115.1 711.3 113.9 714.8 112.6 713.8 115.1
0 697.7 132.1 696.1 130.9 698.2 130.1 697.7 132.1
0 740.1 465.7 728.0 465.7 727.0 464.9 721.9 464.9 716.9 464.0 709.8 461.6 707.8 460.0 704.7 460.0 701.2 458.0 701.2 450.7 700.2 449.9 700.2 439.3 699.2 436.9 694.6 434.1 683.5 438.1 673.4 438.1 668.3 437.3 661.2 434.9 657.2 432.5 651.6 428.0 649.6 425.6 646.6 419.9 645.6 415.9 645.6 407.8 647.6 402.9 652.6 396.4 660.7 390.0 660.7 385.1 657.2 382.3 652.1 381.5 643.0 377.4 638.5 373.8 637.5 371.3 630.9 365.3 623.8 365.3 622.8 366.1 610.7 366.1 603.6 363.6 599.5 360.4 595.5 358.8 590.9 355.1 586.9 345.4 586.9 336.5 588.9 332.5 588.9 330.0 590.9 326.8 595.5 324.0 605.1 316.3 604.1 314.7 599.5 311.0 598.5 311.0 594.0 306.6 590.9 301.7 590.9 296.0 588.9 292.8 583.4 289.2 578.3 287.5 564.6 276.6 563.6 271.7 561.6 268.5 561.6 258.0 562.6 257.2 565.7 247.5 568.7 245.0 569.7 242.6 575.3 238.1 584.4 234.1 589.4 233.3 590.9 232.1 590.9 217.5 592.0 215.1 595.0 211.8 595.0 210.2 598.0 205.4 604.6 200.1 607.6 198.5 615.7 196.0 621.8 196.0 622.8 195.2 627.9 195.2 628.9 196.0 634.9 196.0 639.0 196.8 642.0 198.5 646.1 198.5 648.6 195.6 649.6 191.6 653.7 185.9 659.2 181.5 667.3 178.2 672.4 177.4 686.5 177.4 687.5 178.2 695.6 179.8 702.7 183.1 706.8 183.1 709.3 181.1 710.3 177.8 713.3 173.8 720.9 167.7 727.0 166.9 732.0 165.3 743.2 165.3 748.2 166.1 753.3 169.3 756.3 170.1 762.9 175.4 767.4 181.5 770.5 181.5 779.1 174.6 781.1 171.3 785.6 167.7 794.8 164.5 800.8 164.5 801.8 163.7 808.9 163.7 809.9 164.5 815.0 164.5 820.0 166.1 828.6 173.0 830.7 175.4 833.7 182.7 833.7 193.2 828.6 204.5 823.6 207.8 823.6 208.6 818.5 212.6 820.0 215.5 828.1 216.3 833.2 218.7 836.2 221.1 839.3 221.9 841.8 224.0 844.8 228.8 844.8 237.7 845.8 238.5 845.8 244.2 842.8 249.9 841.8 255.6 839.8 258.8 839.8 267.7 841.8 271.7 841.8 282.3 839.8 287.1 838.7 292.8 836.2 294.8 832.2 296.4 826.1 297.2 820.0 302.9 816.0 303.7 803.9 303.7 801.3 301.7 801.3 296.8 798.8 290.8 797.3 293.6 793.2 297.7 793.2 300.1 791.2 304.1 790.2 309.8 786.2 313.0 781.1 321.9 781.1 325.2 785.1 329.2 789.2 335.7 790.2 338.9 790.2 343.8 787.2 350.3 784.1 354.3 781.1 356.0 778.6 358.8 773.5 361.2 769.5 362.0 752.3 362.0 750.8 364.0 750.8 373.8 744.7 382.7 742.7 386.7 746.2 389.6 755.3 392.8 759.9 396.4 762.9 400.5 766.9 410.2 766.9 419.1 762.9 425.6 762.9 432.1 764.9 436.9 764.9 446.6 762.9 449.1 762.9 451.5 760.9 455.5 756.3 459.2 752.3 460.8 749.2 463.2 740.1 465.7
0 450.9 609.0 443.8 609.0 439.7 607.4 425.6 607.4 420.5 605.7 413.9 600.5 411.9 596.4 411.9 586.7 407.9 583.5 405.9 579.4 405.9 572.1 406.9 571.3 406.9 565.7 402.8 559.2 402.8 552.7 404.8 547.8 417.0 538.1 417.0 534.9 411.9 530.8 408.9 521.9 409.9 521.1 409.9 516.3 413.9 509.0 417.5 505.3 422.5 503.7 424.1 502.5 421.0 500.1 418.0 496.0 416.0 491.2 416.0 483.1 420.0 475.0 415.5 472.1 408.4 471.3 403.3 469.7 396.7 464.4 394.7 460.4 393.7 456.4 393.7 445.0 394.7 442.6 393.2 441.4 383.1 441.4 378.5 439.3 377.5 437.7 377.5 428.0 377.0 426.0 369.9 423.6 365.4 419.9 361.3 412.6 361.3 405.3 362.4 402.9 366.4 397.2 372.0 392.8 377.5 390.0 376.5 385.9 376.5 378.6 379.6 373.0 384.1 369.3 395.2 365.3 405.3 365.3 409.4 366.1 414.4 368.5 417.5 367.7 427.6 362.8 433.7 361.2 435.7 359.6 444.8 359.6 450.9 362.8 454.9 362.8 460.5 359.2 461.5 354.3 462.5 353.5 462.5 349.5 463.5 348.7 463.5 342.2 466.0 339.4 470.1 337.7 486.3 337.7 491.3 338.5 498.4 341.0 501.4 340.2 506.5 340.2 507.5 339.4 522.7 339.4 525.7 341.0 530.3 344.6 532.3 347.9 532.3 357.6 525.7 362.8 522.7 362.8 517.1 364.9 520.1 368.1 523.2 376.2 524.2 377.0 524.2 381.9 527.2 385.1 534.3 390.8 537.3 397.2 537.3 411.0 538.3 412.6 543.4 416.7 547.5 424.8 547.5 429.6 545.4 433.7 544.4 437.7 538.9 440.6 530.8 442.2 516.6 442.2 514.1 445.0 514.1 446.6 517.1 449.1 521.2 456.4 521.2 465.3 522.2 466.1 522.2 470.1 523.2 470.9 523.2 479.0 528.2 485.5 530.3 490.4 530.3 495.2 528.2 500.1 525.2 503.3 524.2 507.4 525.2 509.8 530.3 515.5 531.3 518.7 531.3 525.2 528.2 530.8 522.7 536.1 516.6 537.7 513.1 539.7 513.1 551.1 509.0 555.9 502.4 560.4 493.3 563.6 490.8 565.7 489.8 568.1 491.3 568.5 496.9 572.9 498.9 576.2 498.9 587.5 495.9 593.2 490.3 597.6 483.2 600.1 466.0 600.1 461.0 602.5 454.9 608.2 450.9 609.0
0 1092.1 310.2 1086.0 310.2 1082.0 307.8 1075.9 307.0 1069.9 304.5 1065.8 303.7 1061.3 300.9 1060.3 298.5 1060.3 293.6 1062.3 288.7 1062.3 282.3 1063.3 279.8 1069.9 274.6 1075.9 273.0 1083.0 273.8 1089.1 276.2 1093.6 279.8 1096.7 284.7 1096.7 304.9 1094.6 309.0 1092.1 310.2
0 1044.6 299.7 1030.4 299.7 1029.4 298.9 1018.3 298.9 1016.8 297.7 1016.8 293.6 1017.8 292.0 1022.3 288.3 1029.4 285.9 1040.5 285.9 1044.1 288.7 1047.1 293.6 1047.1 297.7 1044.6 299.7
0 1031.4 310.2 1028.4 309.4 1022.3 309.4 1015.8 305.8 1015.8 303.3 1018.3 302.1 1027.4 303.7 1037.5 303.7 1039.0 304.9 1040.0 308.2 1037.5 309.4 1032.4 309.4 1031.4 310.2
0 1065.8 337.7 1055.7 337.7 1050.6 335.3 1045.1 328.4 1048.1 319.5 1052.7 315.9 1059.8 312.6 1061.8 311.0 1065.8 310.2 1067.8 311.0 1072.9 311.0 1078.0 312.6 1081.5 315.5 1084.5 322.8 1086.6 324.4 1086.6 328.4 1084.5 333.3 1082.0 336.1 1079.0 336.9 1066.8 336.9 1065.8 337.7
0 1113.4 334.5 1106.3 334.5 1103.7 333.3 1103.7 325.2 1104.8 321.1 1107.8 313.8 1114.4 311.0 1120.4 311.0 1126.0 315.5 1127.0 317.1 1127.0 326.0 1122.5 331.3 1117.4 333.7 1113.4 334.5
1 1068.9 274.6 1066.8 274.6 1065.3 272.6 1065.3 266.1 1067.3 263.6 1067.3 261.2 1071.4 258.0 1073.9 253.5 1079.0 251.9 1086.0 251.9 1087.6 253.1 1087.6 257.2 1086.6 258.8 1081.5 262.8 1077.5 270.1 1072.9 273.0 1068.9 274.6
0 -7.3 302.1 -3.8 300.1 -1.8 296.8 3.8 293.2 9.9 292.4 14.9 287.5 21.0 287.5 22.0 288.3 28.1 289.2 32.6 292.8 35.7 298.5 36.7 301.7 36.7 308.2 33.1 310.2 29.1 311.0 13.9 311.0 9.9 311.8 6.8 313.4 -2.3 313.4 -7.3 311.8
0 98.9 341.8 90.8 341.8 89.8 341.0 82.7 341.0 77.6 339.4 75.1 337.3 74.1 334.1 75.1 330.0 77.1 327.6 78.1 322.8 80.2 320.3 85.2 316.3 85.2 315.5 89.8 311.8 95.8 311.0 99.4 314.7 110.0 320.7 114.6 325.2 116.6 328.4 116.6 334.1 113.0 337.7 110.0 339.4 99.9 341.0 98.9 341.8
0 67.5 404.9 60.4 404.9 56.4 404.1 50.3 400.9 43.2 400.9 39.2 402.5 29.1 402.5 20.0 400.1 14.4 395.6 13.4 390.8 12.4 390.0 12.4 385.1 15.4 376.2 11.4 373.0 9.9 370.1 3.8 370.9 1.3 368.9 4.8 366.9 8.9 367.7 11.9 365.3 15.9 365.3 20.0 367.7 27.1 368.5 30.1 367.7 31.6 365.7 31.6 363.2 34.6 358.4 38.2 355.5 45.3 352.3 51.3 350.7 55.4 348.3 58.4 349.1 63.5 349.1 64.5 349.9 70.6 349.9 71.6 350.7 77.6 350.7 78.6 351.5 84.7 351.5 85.7 352.3 99.9 352.3 103.9 353.1 108.5 356.0 109.5 359.2 107.5 363.2 104.9 365.3 93.8 368.5 90.3 370.5 90.3 373.8 92.3 376.2 92.3 382.7 90.3 386.7 84.2 391.6 81.2 398.9 75.6 403.3 67.5 404.9
0 501.4 310.2 495.4 310.2 478.2 303.7 475.1 302.1 467.0 295.6 466.0 295.6 460.5 291.2 457.4 285.5 458.4 281.5 457.4 279.8 452.4 276.6 453.4 275.0 453.4 270.1 454.4 266.9 456.4 264.5 456.4 254.7 458.4 250.7 468.1 243.0 472.1 242.2 477.2 242.2 481.2 243.0 487.3 245.4 491.3 247.9 494.9 251.5 494.9 259.6 491.3 264.1 488.3 264.1 486.8 265.3 490.8 276.6 491.8 277.4 491.8 286.3 494.4 288.3 500.4 290.8 505.0 294.4 506.0 296.0 506.0 304.1 504.0 308.2 501.4 310.2
0 432.7 290.0 425.6 290.0 414.4 285.9 410.4 285.1 406.9 282.3 406.9 275.8 409.9 269.3 413.4 267.3 417.5 266.5 425.6 266.5 433.7 268.9 439.2 273.4 440.2 276.6 443.8 279.4 448.3 280.7 448.3 282.3 442.8 285.9 440.7 285.9 434.7 288.3 432.7 290.0
0 548.0 311.0 541.9 311.0 540.9 310.2 524.7 310.2 521.2 307.4 519.1 302.5 519.1 296.0 520.1 295.2 520.1 283.1 519.1 282.3 519.1 275.8 522.7 272.1 529.8 269.7 536.8 269.7 540.9 271.3 545.9 275.4 546.9 275.4 556.6 283.1 557.6 287.9 556.0 289.2 550.5 291.2 550.5 293.6 553.5 296.8 554.5 299.3 554.5 304.1 551.5 309.0 548.0 311.0
0 449.8 333.7 433.7 333.7 431.1 329.2 431.1 325.2 429.6 324.0 427.6 324.8 420.5 324.8 414.4 323.2 411.4 321.5 405.9 317.1 404.8 314.7 404.8 309.8 406.9 304.9 409.9 300.9 414.4 297.2 420.5 297.2 426.6 299.7 428.6 301.3 432.7 300.5 437.7 300.5 445.8 302.9 451.4 307.4 452.4 309.0 452.4 317.9 454.4 321.1 454.4 326.0 452.4 331.7 449.8 333.7
0 472.1 328.0 466.0 328.0 464.5 326.8 464.5 318.7 467.0 315.9 469.1 315.1 475.1 315.9 479.7 321.1 479.7 324.4 477.2 326.4 472.1 328.0
0 842.3 393.6 837.2 392.8 831.7 388.3 829.6 385.1 829.6 378.6 833.7 372.1 836.7 368.9 836.7 360.0 843.8 355.1 843.8 354.3 848.4 351.5 855.4 352.3 860.5 354.7 865.0 358.4 868.1 363.2 869.6 364.5 873.6 364.5 878.7 366.1 886.8 366.1 888.8 366.9 894.4 371.3 894.4 374.6 891.9 376.6 884.8 379.0 880.7 381.5 874.7 382.3 870.6 383.9 863.5 382.3 859.5 384.7 853.4 384.7 848.9 388.3 847.9 390.8 845.3 392.8 842.3 393.6
0 921.2 382.3 917.1 379.8 914.1 379.0 913.1 376.6 919.2 375.8 923.7 377.8 921.2 382.3
0 936.4 464.9 929.3 464.9 925.7 462.8 927.8 458.8 927.8 443.4 926.7 442.6 927.8 439.3 932.8 435.3 933.8 432.9 941.4 427.6 946.5 426.0 950.5 426.8 954.1 430.4 954.1 435.3 949.0 437.7 949.0 440.2 951.0 446.6 952.0 447.4 952.0 453.1 951.0 456.4 948.0 460.4 944.4 463.2 937.4 464.0 936.4 464.9
0 897.9 503.7 888.8 502.9 884.8 501.3 879.2 496.0 876.2 490.4 879.2 485.5 883.8 482.7 895.9 482.7 897.9 481.0 903.0 479.4 911.1 474.6 922.2 474.6 923.2 475.4 934.3 475.4 938.4 476.2 941.9 479.0 941.9 485.5 938.9 489.5 933.3 494.8 929.3 496.4 921.2 496.4 916.1 494.8 912.1 495.6 906.0 500.5 897.9 503.7
0 1286.3 323.2 1279.2 322.3 1273.2 319.9 1267.1 318.3 1261.5 313.8 1261.5 313.0 1254.5 307.4 1251.4 302.5 1250.4 299.3 1250.4 292.8 1255.5 283.9 1265.6 275.8 1262.0 273.0 1259.0 272.1 1250.4 265.3 1247.4 259.6 1247.4 253.1 1250.4 244.2 1252.4 241.8 1258.0 237.3 1261.5 235.3 1262.5 232.1 1258.0 230.0 1251.9 230.0 1247.9 228.4 1242.8 227.6 1239.8 226.0 1234.2 221.5 1231.2 215.9 1231.2 206.2 1234.2 201.3 1234.2 199.7 1237.3 196.4 1237.3 193.2 1233.7 191.2 1231.7 191.2 1224.6 187.9 1222.1 185.9 1221.1 182.7 1217.0 177.0 1212.0 168.9 1211.0 165.7 1211.0 160.0 1212.0 156.8 1218.0 147.9 1224.6 142.6 1233.7 137.7 1246.9 134.5 1261.0 134.5 1262.0 135.3 1269.1 136.1 1279.2 141.0 1283.8 145.4 1283.8 147.1 1286.3 148.3
1 704.7 184.7 702.7 184.7 697.7 180.7 696.6 180.7 692.1 176.2 692.1 154.3 691.1 153.5 691.1 140.6 692.1 136.5 695.1 131.7 696.1 126.8 705.2 115.5 705.2 114.7 712.8 108.6 715.9 107.8 722.9 103.7 729.0 102.9 733.1 104.5 736.1 104.5 737.6 107.4 734.1 108.6 730.5 111.4 730.5 114.7 727.0 117.5 724.0 118.3 714.3 126.0 713.3 130.1 711.3 132.5 710.3 136.5 710.3 151.9 709.3 152.7 709.3 157.6 708.3 158.4 708.3 171.3 710.3 176.2 709.3 179.4 706.8 183.9 704.7 184.7
1 460.0 368.5 452.9 365.3 449.3 361.6 449.3 357.6 450.4 356.8 450.4 347.9 451.4 347.0 451.4 340.6 453.4 337.3 452.4 335.7 452.4 331.7 453.4 330.9 453.4 313.8 454.4 311.4 456.9 311.0 461.5 313.0 463.5 318.7 463.5 326.0 464.5 326.8 464.5 334.1 462.5 337.3 463.5 338.1 463.5 353.5 462.5 354.3 462.5 360.0 461.5 360.8 461.5 367.3 460.0 368.5
1 899.9 348.3 897.4 346.2 896.4 343.8 896.4 338.1 895.4 337.3 895.4 332.5 898.4 327.6 900.4 321.1 904.0 319.1 906.5 320.3 907.5 324.4 907.5 330.9 905.5 335.7 905.5 339.8 903.5 345.4 899.9 348.3
