0 580.0 372.5 572.0 371.5 567.0 369.5 563.5 366.0 561.5 362.0 561.5 359.0 559.5 355.0 557.0 353.5 550.0 353.5 542.0 349.5 536.5 342.0 534.5 337.0 536.5 326.0 535.0 324.5 530.0 322.5 525.5 318.0 523.5 312.0 523.5 305.0 524.5 301.0 526.5 298.0 523.5 291.0 520.5 286.0 520.5 277.0 522.5 270.0 527.0 264.5 531.0 263.5 543.0 263.5 548.5 262.0 548.5 257.0 544.0 252.5 543.0 252.5 539.5 248.0 534.5 238.0 532.0 235.5 527.0 236.5 520.0 232.5 516.5 229.0 513.5 222.0 512.5 216.0 513.5 211.0 516.5 204.0 521.0 201.5 528.0 199.5 530.5 196.0 529.5 195.0 529.5 189.0 530.5 188.0 531.5 181.0 537.0 175.5 544.0 172.5 552.0 171.5 561.0 175.5 567.0 181.5 572.0 181.5 576.0 179.5 581.0 178.5 586.0 178.5 593.0 181.5 597.5 186.0 597.5 187.0 602.5 192.0 604.5 197.0 604.5 202.0 607.0 204.5 611.0 206.5 616.5 212.0 619.5 221.0 619.5 232.0 618.5 236.0 610.5 242.0 612.5 248.0 616.5 253.0 617.5 260.0 616.5 265.0 613.5 270.0 610.5 277.0 606.5 281.0 603.5 287.0 603.5 293.0 605.5 298.0 609.5 304.0 610.5 308.0 610.5 313.0 609.5 318.0 606.5 322.0 607.5 328.0 608.5 329.0 608.5 337.0 602.5 347.0 597.0 352.5 592.0 354.5 589.5 358.0 587.5 363.0 583.5 367.0 582.5 370.0 580.0 372.5
0 484.0 348.5 475.0 348.5 472.0 347.5 465.5 341.0 464.0 338.5 459.0 335.5 454.0 333.5 449.5 328.0 449.5 316.0 446.5 311.0 446.5 302.0 441.5 296.0 441.5 287.0 443.5 281.0 440.5 277.0 440.5 268.0 441.5 267.0 440.5 262.0 433.0 258.5 430.5 256.0 429.5 252.0 429.5 246.0 430.5 243.0 436.5 237.0 438.5 233.0 442.0 229.5 445.0 228.5 453.0 228.5 461.0 224.5 465.0 223.5 470.0 223.5 474.0 229.5 487.0 229.5 490.5 227.0 491.5 221.0 497.0 215.5 502.0 215.5 503.5 217.0 502.5 221.0 506.0 223.5 513.0 230.5 516.0 231.5 518.5 234.0 519.5 238.0 522.5 243.0 524.5 249.0 524.5 257.0 521.5 263.0 519.5 274.0 520.5 277.0 516.5 282.0 516.5 284.0 513.5 290.0 513.5 297.0 510.5 302.0 511.5 305.0 511.5 319.0 509.5 323.0 509.5 327.0 507.5 332.0 504.5 337.0 497.0 340.5 494.0 340.5 490.0 344.5 487.0 345.5 484.0 348.5
0 794.0 297.5 791.0 297.5 787.5 295.0 786.5 292.0 783.0 288.5 773.0 288.5 767.5 282.0 764.5 272.0 766.5 267.0 767.5 262.0 766.5 256.0 764.5 254.0 762.5 249.0 762.5 246.0 764.5 243.0 762.5 240.0 760.5 234.0 760.5 229.0 762.5 224.0 768.0 218.5 769.5 218.0 769.5 215.0 764.5 208.0 764.5 200.0 765.5 199.0 763.5 192.0 763.5 182.0 768.0 176.5 769.0 176.5 777.5 172.0 777.5 169.0 780.5 162.0 786.5 156.0 788.5 150.0 788.5 147.0 792.0 143.5 797.0 140.5 800.5 136.0 805.0 132.5 811.0 132.5 814.5 136.0 814.5 154.0 813.5 157.0 815.5 161.0 818.0 163.5 821.0 161.5 827.0 162.5 837.0 168.5 841.0 168.5 845.5 172.0 845.5 174.0 850.5 185.0 850.5 196.0 849.5 197.0 849.5 202.0 848.5 203.0 848.5 214.0 846.5 220.0 846.5 231.0 847.5 232.0 847.5 238.0 846.5 242.0 840.5 248.0 837.5 259.0 828.5 268.0 828.5 271.0 825.5 276.0 821.5 280.0 818.5 290.0 818.5 293.0 815.0 296.5 810.0 296.5 809.0 295.5 798.0 295.5 794.0 297.5
0 907.0 296.5 905.0 296.5 901.0 292.5 897.0 291.5 879.0 291.5 878.0 292.5 867.0 292.5 862.0 289.5 858.5 286.0 858.5 284.0 856.0 280.5 847.0 276.5 844.0 274.5 839.5 270.0 838.5 267.0 839.5 261.0 840.5 260.0 840.5 255.0 841.5 252.0 847.5 245.0 847.5 242.0 849.5 238.0 849.5 225.0 852.5 215.0 850.5 210.0 850.5 194.0 855.0 188.5 858.0 187.5 862.0 179.5 866.0 177.5 873.0 178.5 877.0 176.5 885.0 175.5 886.0 174.5 891.0 174.5 893.0 175.5 898.0 181.5 903.0 181.5 908.0 179.5 912.0 175.5 915.0 174.5 918.0 171.5 923.0 169.5 926.0 170.5 928.5 173.0 930.5 177.0 934.0 179.5 937.5 184.0 937.5 188.0 935.5 191.0 935.5 194.0 937.5 197.0 938.5 204.0 937.5 205.0 937.5 213.0 936.5 217.0 933.5 221.0 933.5 234.0 928.5 244.0 924.5 248.0 925.5 252.0 929.5 257.0 926.5 261.0 927.5 267.0 921.5 274.0 919.5 278.0 916.5 281.0 916.5 284.0 914.5 289.0 907.0 296.5
0 762.0 353.5 757.0 353.5 751.5 350.0 750.5 347.0 746.5 342.0 745.5 339.0 742.5 336.0 740.5 332.0 740.5 329.0 737.5 322.0 737.5 317.0 736.0 315.5 721.0 315.5 714.5 312.0 711.5 301.0 711.5 289.0 712.5 288.0 712.5 271.0 716.0 268.5 723.0 267.5 728.0 268.5 740.5 256.0 740.5 253.0 743.0 250.5 746.0 250.5 752.0 247.5 757.0 246.5 759.5 249.0 760.5 252.0 760.5 257.0 765.5 262.0 766.5 267.0 764.5 271.0 766.5 277.0 769.5 280.0 771.5 284.0 776.0 286.5 781.0 286.5 784.5 291.0 784.5 299.0 781.5 305.0 782.5 314.0 778.0 317.5 773.0 322.5 772.0 322.5 768.5 327.0 767.5 336.0 764.5 343.0 764.5 348.0 763.5 352.0 762.0 353.5
0 880.0 359.5 868.0 357.5 863.5 353.0 862.5 351.0 862.5 345.0 863.5 341.0 859.5 335.0 859.5 329.0 861.5 325.0 861.5 322.0 858.5 317.0 857.5 313.0 858.5 308.0 863.5 303.0 867.0 298.5 869.0 299.5 875.0 299.5 882.0 297.5 886.5 300.0 888.5 305.0 888.5 323.0 886.5 328.0 886.5 332.0 884.5 337.0 884.5 346.0 885.5 347.0 885.5 352.0 882.5 358.0 880.0 359.5
0 916.0 339.5 910.0 339.5 909.0 338.5 902.0 337.5 898.0 335.5 895.5 332.0 894.5 325.0 896.5 321.0 895.5 320.0 896.5 316.0 896.5 311.0 900.0 307.5 907.0 307.5 911.0 309.5 915.0 309.5 919.0 312.5 921.0 312.5 924.5 317.0 924.5 325.0 923.5 326.0 923.5 331.0 921.5 336.0 919.0 338.5 916.0 339.5
0 941.0 329.5 940.0 328.5 935.0 328.5 932.5 326.0 928.5 316.0 924.5 308.0 924.5 305.0 921.5 300.0 921.5 296.0 924.5 291.0 925.5 283.0 928.0 279.5 932.0 277.5 936.0 279.5 942.0 279.5 947.0 281.5 952.0 284.5 957.0 285.5 963.5 292.0 963.5 304.0 960.5 312.0 953.5 319.0 952.5 323.0 948.0 327.5 945.0 327.5 941.0 329.5
0 846.0 351.5 842.0 351.5 838.0 348.5 836.0 348.5 831.0 342.5 828.0 342.5 825.5 338.0 825.5 330.0 824.5 329.0 824.5 324.0 823.5 319.0 820.5 313.0 820.5 308.0 822.5 303.0 824.5 301.0 825.5 296.0 827.5 291.0 831.0 288.5 836.5 283.0 838.0 280.5 841.0 279.5 848.0 280.5 851.5 284.0 852.5 288.0 858.0 292.5 862.0 292.5 865.5 296.0 865.5 300.0 862.5 306.0 861.0 307.5 858.0 307.5 858.5 314.0 859.5 317.0 863.5 321.0 863.5 324.0 859.5 330.0 859.5 336.0 860.5 337.0 855.5 341.0 854.5 345.0 851.0 348.5 849.0 348.5 846.0 351.5
1 658.0 243.5 653.5 240.0 653.5 228.0 652.5 227.0 652.5 220.0 653.5 219.0 653.5 197.0 656.0 193.5 659.0 193.5 661.5 196.0 661.5 220.0 662.5 221.0 662.5 226.0 661.5 227.0 661.5 240.0 658.0 243.5
0 200.0 118.5 195.0 118.5 189.0 115.5 181.5 108.0 179.5 104.0 175.0 99.5 169.5 96.0 168.5 93.0 165.0 90.5 161.0 89.5 158.0 86.5 153.0 84.5 147.0 79.5 143.0 78.5 139.5 75.0 137.5 71.0 134.5 68.0 135.5 63.0 143.0 54.5 157.0 54.5 158.5 53.0 159.5 49.0 159.5 44.0 160.5 43.0 160.5 38.0 162.5 34.0 166.0 29.5 172.0 25.5 180.0 25.5 182.0 26.5 187.5 32.0 190.5 37.0 192.5 42.0 192.5 51.0 193.5 52.0 194.5 58.0 200.0 62.5 205.0 65.5 210.0 64.5 217.0 64.5 219.0 65.5 225.5 72.0 227.5 78.0 228.5 84.0 231.5 90.0 231.5 97.0 228.0 99.5 223.0 99.5 218.5 103.0 216.5 108.0 213.0 111.5 204.0 117.5 200.0 118.5
0 164.0 133.5 154.0 133.5 149.0 131.5 146.0 131.5 135.0 126.5 123.0 126.5 122.0 125.5 117.0 125.5 116.0 124.5 110.0 123.5 107.0 121.5 100.5 115.0 99.5 112.0 100.5 103.0 102.5 98.0 105.0 94.5 111.0 91.5 119.0 90.5 125.0 93.5 133.0 101.5 134.0 101.5 141.0 108.5 142.0 108.5 152.0 118.5 157.0 120.5 162.0 125.5 165.5 128.0 166.5 132.0 164.0 133.5
0 191.0 259.5 182.0 259.5 177.0 256.5 172.5 252.0 171.0 248.5 166.0 247.5 163.0 249.5 157.0 249.5 152.0 248.5 147.0 245.5 143.5 242.0 141.5 237.0 141.5 223.0 142.5 222.0 142.5 214.0 141.5 213.0 141.5 205.0 140.5 202.0 138.0 199.5 134.0 198.5 127.5 192.0 127.5 180.0 128.5 177.0 133.0 171.5 140.0 168.5 142.0 166.5 147.0 166.5 152.0 169.5 156.0 169.5 160.5 174.0 160.5 175.0 166.0 180.5 174.0 182.5 177.0 186.5 181.0 186.5 186.0 181.5 190.0 180.5 196.0 180.5 202.0 177.5 208.0 179.5 218.0 179.5 221.0 180.5 226.5 186.0 229.5 190.0 231.5 195.0 233.5 197.0 234.5 203.0 232.5 207.0 224.0 213.5 216.0 217.5 210.0 218.5 204.0 220.5 200.5 223.0 201.5 227.0 203.5 229.0 206.5 235.0 206.5 244.0 202.5 252.0 197.0 257.5 191.0 259.5
0 660.0 419.5 654.0 419.5 650.0 417.5 641.0 409.5 636.0 407.5 633.0 407.5 630.5 405.0 628.5 401.0 628.5 392.0 624.5 386.0 623.5 383.0 623.5 373.0 620.0 370.5 615.5 366.0 614.5 364.0 614.5 358.0 617.5 352.0 623.5 346.0 623.5 342.0 620.5 338.0 623.5 325.0 622.5 323.0 616.5 317.0 615.5 310.0 617.5 305.0 618.5 300.0 618.5 295.0 620.5 289.0 626.5 282.0 626.5 277.0 622.5 273.0 620.5 269.0 620.5 255.0 623.5 251.0 625.5 246.0 630.0 240.5 637.0 237.5 642.0 237.5 648.0 240.5 650.0 240.5 655.5 244.0 656.0 245.5 661.0 245.5 667.0 241.5 670.0 240.5 687.0 240.5 691.0 241.5 694.0 243.5 698.5 248.0 699.5 255.0 702.5 261.0 702.5 271.0 703.5 272.0 703.5 278.0 705.5 287.0 707.5 290.0 707.5 296.0 704.5 301.0 704.5 312.0 702.5 317.0 698.0 320.5 692.0 323.5 683.0 323.5 680.5 326.0 680.5 331.0 681.5 332.0 680.5 338.0 677.5 343.0 677.5 345.0 673.0 349.5 670.0 350.5 666.0 355.5 661.5 358.0 664.0 359.5 667.0 359.5 673.5 365.0 676.5 370.0 676.5 376.0 677.5 379.0 683.5 385.0 686.5 389.0 687.5 392.0 684.5 401.0 676.0 407.5 669.0 409.5 666.5 415.0 663.0 418.5 660.0 419.5
0 678.0 180.5 674.0 175.5 669.0 173.5 661.0 171.5 655.5 166.0 653.5 163.0 655.5 158.0 655.5 155.0 657.5 150.0 660.5 145.0 665.0 140.5 668.0 139.5 679.0 139.5 682.0 141.5 685.0 141.5 690.0 136.5 693.0 135.5 699.0 135.5 706.0 138.5 709.5 144.0 710.5 148.0 709.5 156.0 708.5 158.0 703.0 163.5 700.0 164.5 691.0 172.5 688.0 169.5 683.0 171.5 681.5 173.0 681.5 177.0 678.0 180.5
0 806.0 347.5 798.0 346.5 792.0 340.5 787.5 337.0 785.5 332.0 785.5 328.0 783.5 323.0 783.5 317.0 785.5 313.0 784.5 304.0 787.0 299.5 796.0 299.5 802.0 295.5 808.0 295.5 814.5 301.0 814.5 310.0 813.5 311.0 813.5 318.0 815.5 323.0 815.5 332.0 809.5 343.0 808.5 346.0 806.0 347.5
