0 700.0 372.5 708.0 371.5 713.0 369.5 716.5 366.0 718.5 362.0 718.5 359.0 720.5 355.0 723.0 353.5 730.0 353.5 738.0 349.5 743.5 342.0 745.5 337.0 743.5 326.0 745.0 324.5 750.0 322.5 754.5 318.0 756.5 312.0 756.5 305.0 755.5 301.0 753.5 298.0 756.5 291.0 759.5 286.0 759.5 277.0 757.5 270.0 753.0 264.5 749.0 263.5 737.0 263.5 731.5 262.0 731.5 257.0 736.0 252.5 737.0 252.5 740.5 248.0 745.5 238.0 748.0 235.5 753.0 236.5 760.0 232.5 763.5 229.0 766.5 222.0 767.5 216.0 766.5 211.0 763.5 204.0 759.0 201.5 752.0 199.5 749.5 196.0 750.5 195.0 750.5 189.0 749.5 188.0 748.5 181.0 743.0 175.5 736.0 172.5 728.0 171.5 719.0 175.5 713.0 181.5 708.0 181.5 704.0 179.5 699.0 178.5 694.0 178.5 687.0 181.5 682.5 186.0 682.5 187.0 677.5 192.0 675.5 197.0 675.5 202.0 673.0 204.5 669.0 206.5 663.5 212.0 660.5 221.0 660.5 232.0 661.5 236.0 669.5 242.0 667.5 248.0 663.5 253.0 662.5 260.0 663.5 265.0 666.5 270.0 669.5 277.0 673.5 281.0 676.5 287.0 676.5 293.0 674.5 298.0 670.5 304.0 669.5 308.0 669.5 313.0 670.5 318.0 673.5 322.0 672.5 328.0 671.5 329.0 671.5 337.0 677.5 347.0 683.0 352.5 688.0 354.5 690.5 358.0 692.5 363.0 696.5 367.0 697.5 370.0 700.0 372.5
0 796.0 348.5 805.0 348.5 808.0 347.5 814.5 341.0 816.0 338.5 821.0 335.5 826.0 333.5 830.5 328.0 830.5 316.0 833.5 311.0 833.5 302.0 838.5 296.0 838.5 287.0 836.5 281.0 839.5 277.0 839.5 268.0 838.5 267.0 839.5 262.0 847.0 258.5 849.5 256.0 850.5 252.0 850.5 246.0 849.5 243.0 843.5 237.0 841.5 233.0 838.0 229.5 835.0 228.5 827.0 228.5 819.0 224.5 815.0 223.5 810.0 223.5 806.0 229.5 793.0 229.5 789.5 227.0 788.5 221.0 783.0 215.5 778.0 215.5 776.5 217.0 777.5 221.0 774.0 223.5 767.0 230.5 764.0 231.5 761.5 234.0 760.5 238.0 757.5 243.0 755.5 249.0 755.5 257.0 758.5 263.0 760.5 274.0 759.5 277.0 763.5 282.0 763.5 284.0 766.5 290.0 766.5 297.0 769.5 302.0 768.5 305.0 768.5 319.0 770.5 323.0 770.5 327.0 772.5 332.0 775.5 337.0 783.0 340.5 786.0 340.5 790.0 344.5 793.0 345.5 796.0 348.5
0 486.0 297.5 489.0 297.5 492.5 295.0 493.5 292.0 497.0 288.5 507.0 288.5 512.5 282.0 515.5 272.0 513.5 267.0 512.5 262.0 513.5 256.0 515.5 254.0 517.5 249.0 517.5 246.0 515.5 243.0 517.5 240.0 519.5 234.0 519.5 229.0 517.5 224.0 512.0 218.5 510.5 218.0 510.5 215.0 515.5 208.0 515.5 200.0 514.5 199.0 516.5 192.0 516.5 182.0 512.0 176.5 511.0 176.5 502.5 172.0 502.5 169.0 499.5 162.0 493.5 156.0 491.5 150.0 491.5 147.0 488.0 143.5 483.0 140.5 479.5 136.0 475.0 132.5 469.0 132.5 465.5 136.0 465.5 154.0 466.5 157.0 464.5 161.0 462.0 163.5 459.0 161.5 453.0 162.5 443.0 168.5 439.0 168.5 434.5 172.0 434.5 174.0 429.5 185.0 429.5 196.0 430.5 197.0 430.5 202.0 431.5 203.0 431.5 214.0 433.5 220.0 433.5 231.0 432.5 232.0 432.5 238.0 433.5 242.0 439.5 248.0 442.5 259.0 451.5 268.0 451.5 271.0 454.5 276.0 458.5 280.0 461.5 290.0 461.5 293.0 465.0 296.5 470.0 296.5 471.0 295.5 482.0 295.5 486.0 297.5
0 373.0 296.5 375.0 296.5 379.0 292.5 383.0 291.5 401.0 291.5 402.0 292.5 413.0 292.5 418.0 289.5 421.5 286.0 421.5 284.0 424.0 280.5 433.0 276.5 436.0 274.5 440.5 270.0 441.5 267.0 440.5 261.0 439.5 260.0 439.5 255.0 438.5 252.0 432.5 245.0 432.5 242.0 430.5 238.0 430.5 225.0 427.5 215.0 429.5 210.0 429.5 194.0 425.0 188.5 422.0 187.5 418.0 179.5 414.0 177.5 407.0 178.5 403.0 176.5 395.0 175.5 394.0 174.5 389.0 174.5 387.0 175.5 382.0 181.5 377.0 181.5 372.0 179.5 368.0 175.5 365.0 174.5 362.0 171.5 357.0 169.5 354.0 170.5 351.5 173.0 349.5 177.0 346.0 179.5 342.5 184.0 342.5 188.0 344.5 191.0 344.5 194.0 342.5 197.0 341.5 204.0 342.5 205.0 342.5 213.0 343.5 217.0 346.5 221.0 346.5 234.0 351.5 244.0 355.5 248.0 354.5 252.0 350.5 257.0 353.5 261.0 352.5 267.0 358.5 274.0 360.5 278.0 363.5 281.0 363.5 284.0 365.5 289.0 373.0 296.5
0 518.0 353.5 523.0 353.5 528.5 350.0 529.5 347.0 533.5 342.0 534.5 339.0 537.5 336.0 539.5 332.0 539.5 329.0 542.5 322.0 542.5 317.0 544.0 315.5 559.0 315.5 565.5 312.0 568.5 301.0 568.5 289.0 567.5 288.0 567.5 271.0 564.0 268.5 557.0 267.5 552.0 268.5 539.5 256.0 539.5 253.0 537.0 250.5 534.0 250.5 528.0 247.5 523.0 246.5 520.5 249.0 519.5 252.0 519.5 257.0 514.5 262.0 513.5 267.0 515.5 271.0 513.5 277.0 510.5 280.0 508.5 284.0 504.0 286.5 499.0 286.5 495.5 291.0 495.5 299.0 498.5 305.0 497.5 314.0 502.0 317.5 507.0 322.5 508.0 322.5 511.5 327.0 512.5 336.0 515.5 343.0 515.5 348.0 516.5 352.0 518.0 353.5
0 400.0 359.5 412.0 357.5 416.5 353.0 417.5 351.0 417.5 345.0 416.5 341.0 420.5 335.0 420.5 329.0 418.5 325.0 418.5 322.0 421.5 317.0 422.5 313.0 421.5 308.0 416.5 303.0 413.0 298.5 411.0 299.5 405.0 299.5 398.0 297.5 393.5 300.0 391.5 305.0 391.5 323.0 393.5 328.0 393.5 332.0 395.5 337.0 395.5 346.0 394.5 347.0 394.5 352.0 397.5 358.0 400.0 359.5
0 364.0 339.5 370.0 339.5 371.0 338.5 378.0 337.5 382.0 335.5 384.5 332.0 385.5 325.0 383.5 321.0 384.5 320.0 383.5 316.0 383.5 311.0 380.0 307.5 373.0 307.5 369.0 309.5 365.0 309.5 361.0 312.5 359.0 312.5 355.5 317.0 355.5 325.0 356.5 326.0 356.5 331.0 358.5 336.0 361.0 338.5 364.0 339.5
0 339.0 329.5 340.0 328.5 345.0 328.5 347.5 326.0 351.5 316.0 355.5 308.0 355.5 305.0 358.5 300.0 358.5 296.0 355.5 291.0 354.5 283.0 352.0 279.5 348.0 277.5 344.0 279.5 338.0 279.5 333.0 281.5 328.0 284.5 323.0 285.5 316.5 292.0 316.5 304.0 319.5 312.0 326.5 319.0 327.5 323.0 332.0 327.5 335.0 327.5 339.0 329.5
0 434.0 351.5 438.0 351.5 442.0 348.5 444.0 348.5 449.0 342.5 452.0 342.5 454.5 338.0 454.5 330.0 455.5 329.0 455.5 324.0 456.5 319.0 459.5 313.0 459.5 308.0 457.5 303.0 455.5 301.0 454.5 296.0 452.5 291.0 449.0 288.5 443.5 283.0 442.0 280.5 439.0 279.5 432.0 280.5 428.5 284.0 427.5 288.0 422.0 292.5 418.0 292.5 414.5 296.0 414.5 300.0 417.5 306.0 419.0 307.5 422.0 307.5 421.5 314.0 420.5 317.0 416.5 321.0 416.5 324.0 420.5 330.0 420.5 336.0 419.5 337.0 424.5 341.0 425.5 345.0 429.0 348.5 431.0 348.5 434.0 351.5
1 622.0 243.5 626.5 240.0 626.5 228.0 627.5 227.0 627.5 220.0 626.5 219.0 626.5 197.0 624.0 193.5 621.0 193.5 618.5 196.0 618.5 220.0 617.5 221.0 617.5 226.0 618.5 227.0 618.5 240.0 622.0 243.5
0 1080.0 118.5 1085.0 118.5 1091.0 115.5 1098.5 108.0 1100.5 104.0 1105.0 99.5 1110.5 96.0 1111.5 93.0 1115.0 90.5 1119.0 89.5 1122.0 86.5 1127.0 84.5 1133.0 79.5 1137.0 78.5 1140.5 75.0 1142.5 71.0 1145.5 68.0 1144.5 63.0 1137.0 54.5 1123.0 54.5 1121.5 53.0 1120.5 49.0 1120.5 44.0 1119.5 43.0 1119.5 38.0 1117.5 34.0 1114.0 29.5 1108.0 25.5 1100.0 25.5 1098.0 26.5 1092.5 32.0 1089.5 37.0 1087.5 42.0 1087.5 51.0 1086.5 52.0 1085.5 58.0 1080.0 62.5 1075.0 65.5 1070.0 64.5 1063.0 64.5 1061.0 65.5 1054.5 72.0 1052.5 78.0 1051.5 84.0 1048.5 90.0 1048.5 97.0 1052.0 99.5 1057.0 99.5 1061.5 103.0 1063.5 108.0 1067.0 111.5 1076.0 117.5 1080.0 118.5
0 1116.0 133.5 1126.0 133.5 1131.0 131.5 1134.0 131.5 1145.0 126.5 1157.0 126.5 1158.0 125.5 1163.0 125.5 1164.0 124.5 1170.0 123.5 1173.0 121.5 1179.5 115.0 1180.5 112.0 1179.5 103.0 1177.5 98.0 1175.0 94.5 1169.0 91.5 1161.0 90.5 1155.0 93.5 1147.0 101.5 1146.0 101.5 1139.0 108.5 1138.0 108.5 1128.0 118.5 1123.0 120.5 1118.0 125.5 1114.5 128.0 1113.5 132.0 1116.0 133.5
0 1089.0 259.5 1098.0 259.5 1103.0 256.5 1107.5 252.0 1109.0 248.5 1114.0 247.5 1117.0 249.5 1123.0 249.5 1128.0 248.5 1133.0 245.5 1136.5 242.0 1138.5 237.0 1138.5 223.0 1137.5 222.0 1137.5 214.0 1138.5 213.0 1138.5 205.0 1139.5 202.0 1142.0 199.5 1146.0 198.5 1152.5 192.0 1152.5 180.0 1151.5 177.0 1147.0 171.5 1140.0 168.5 1138.0 166.5 1133.0 166.5 1128.0 169.5 1124.0 169.5 1119.5 174.0 1119.5 175.0 1114.0 180.5 1106.0 182.5 1103.0 186.5 1099.0 186.5 1094.0 181.5 1090.0 180.5 1084.0 180.5 1078.0 177.5 1072.0 179.5 1062.0 179.5 1059.0 180.5 1053.5 186.0 1050.5 190.0 1048.5 195.0 1046.5 197.0 1045.5 203.0 1047.5 207.0 1056.0 213.5 1064.0 217.5 1070.0 218.5 1076.0 220.5 1079.5 223.0 1078.5 227.0 1076.5 229.0 1073.5 235.0 1073.5 244.0 1077.5 252.0 1083.0 257.5 1089.0 259.5
0 620.0 419.5 626.0 419.5 630.0 417.5 639.0 409.5 644.0 407.5 647.0 407.5 649.5 405.0 651.5 401.0 651.5 392.0 655.5 386.0 656.5 383.0 656.5 373.0 660.0 370.5 664.5 366.0 665.5 364.0 665.5 358.0 662.5 352.0 656.5 346.0 656.5 342.0 659.5 338.0 656.5 325.0 657.5 323.0 663.5 317.0 664.5 310.0 662.5 305.0 661.5 300.0 661.5 295.0 659.5 289.0 653.5 282.0 653.5 277.0 657.5 273.0 659.5 269.0 659.5 255.0 656.5 251.0 654.5 246.0 650.0 240.5 643.0 237.5 638.0 237.5 632.0 240.5 630.0 240.5 624.5 244.0 624.0 245.5 619.0 245.5 613.0 241.5 610.0 240.5 593.0 240.5 589.0 241.5 586.0 243.5 581.5 248.0 580.5 255.0 577.5 261.0 577.5 271.0 576.5 272.0 576.5 278.0 574.5 287.0 572.5 290.0 572.5 296.0 575.5 301.0 575.5 312.0 577.5 317.0 582.0 320.5 588.0 323.5 597.0 323.5 599.5 326.0 599.5 331.0 598.5 332.0 599.5 338.0 602.5 343.0 602.5 345.0 607.0 349.5 610.0 350.5 614.0 355.5 618.5 358.0 616.0 359.5 613.0 359.5 606.5 365.0 603.5 370.0 603.5 376.0 602.5 379.0 596.5 385.0 593.5 389.0 592.5 392.0 595.5 401.0 604.0 407.5 611.0 409.5 613.5 415.0 617.0 418.5 620.0 419.5
0 602.0 180.5 606.0 175.5 611.0 173.5 619.0 171.5 624.5 166.0 626.5 163.0 624.5 158.0 624.5 155.0 622.5 150.0 619.5 145.0 615.0 140.5 612.0 139.5 601.0 139.5 598.0 141.5 595.0 141.5 590.0 136.5 587.0 135.5 581.0 135.5 574.0 138.5 570.5 144.0 569.5 148.0 570.5 156.0 571.5 158.0 577.0 163.5 580.0 164.5 589.0 172.5 592.0 169.5 597.0 171.5 598.5 173.0 598.5 177.0 602.0 180.5
0 474.0 347.5 482.0 346.5 488.0 340.5 492.5 337.0 494.5 332.0 494.5 328.0 496.5 323.0 496.5 317.0 494.5 313.0 495.5 304.0 493.0 299.5 484.0 299.5 478.0 295.5 472.0 295.5 465.5 301.0 465.5 310.0 466.5 311.0 466.5 318.0 464.5 323.0 464.5 332.0 470.5 343.0 471.5 346.0 474.0 347.5
