0 598.3 404.9 591.2 408.7 586.0 410.0 581.1 409.2 577.1 407.1 575.4 404.6 571.5 402.5 568.6 402.7 562.8 406.8 554.0 408.2 545.2 405.2 540.7 402.3 535.9 392.2 533.8 391.8 528.6 393.1 522.3 392.0 517.2 388.3 513.2 382.6 511.7 378.7 511.6 375.1 505.1 371.2 499.7 368.8 494.5 361.5 492.1 354.6 492.6 347.5 495.3 344.4 505.0 337.5 508.7 333.1 505.8 329.0 499.5 327.9 498.7 328.5 493.2 326.8 483.4 321.6 479.9 321.0 476.4 324.7 468.3 325.5 463.5 324.7 457.0 320.7 452.7 316.4 450.6 311.7 449.0 304.3 451.2 299.6 455.8 294.0 455.8 289.7 454.4 289.4 450.9 284.5 451.1 283.1 447.9 276.8 449.2 269.2 453.2 262.7 459.1 257.2 468.8 255.3 477.1 256.7 481.2 253.8 483.3 249.9 486.8 246.2 490.9 243.3 498.3 241.7 504.6 242.7 505.2 243.5 512.2 244.7 516.7 247.6 519.6 251.7 523.1 252.3 527.5 251.6 535.2 252.9 542.8 258.5 549.2 267.5 550.7 271.3 547.6 280.9 552.7 284.6 558.9 286.4 563.8 291.5 565.8 296.1 566.3 302.0 567.9 309.4 567.0 315.0 568.0 321.6 571.5 326.5 576.0 329.4 582.7 332.0 585.8 334.7 588.7 338.8 590.8 343.4 590.7 348.4 595.0 352.7 596.4 353.0 601.0 359.5 601.9 371.1 600.6 378.8 597.7 383.3 597.7 387.6 598.9 392.8 598.0 398.4 598.9 401.4 598.3 404.9
0 506.1 440.9 498.8 446.1 495.8 447.1 486.7 445.5 484.0 444.3 478.2 444.8 473.0 446.1 466.1 444.2 459.2 434.4 453.9 432.1 448.6 424.7 441.1 422.7 435.9 415.4 434.0 409.3 429.3 407.8 424.1 400.5 424.3 399.1 420.6 395.6 412.5 397.1 409.0 396.5 405.8 393.8 402.4 388.9 401.4 385.9 402.9 377.5 402.2 373.1 403.0 368.2 404.9 365.7 411.4 361.0 415.6 353.1 418.3 350.0 422.4 347.1 429.1 349.7 439.7 342.2 441.1 338.1 438.4 332.6 439.7 324.9 443.8 322.1 445.9 322.4 447.4 326.3 451.7 326.3 461.5 327.9 464.5 327.0 468.0 327.6 471.1 330.3 476.5 332.6 481.6 336.3 486.2 342.9 487.2 349.5 492.0 359.6 494.5 361.5 494.1 367.9 495.3 369.5 496.3 376.1 500.4 381.9 500.8 387.7 503.4 389.5 511.5 401.0 512.2 405.4 514.5 408.6 515.7 413.9 516.2 419.7 512.1 426.9 509.7 428.6 508.7 434.2 506.8 436.7 506.1 440.9
0 729.4 219.9 726.9 221.6 722.6 221.6 720.1 219.7 715.2 218.9 707.1 224.7 698.8 222.6 690.6 216.2 689.3 210.9 687.2 206.3 682.9 202.0 680.2 201.5 675.6 198.6 673.9 196.1 673.8 192.5 670.4 191.2 665.3 187.5 662.4 183.4 661.2 178.2 662.5 170.5 663.4 169.2 661.7 166.8 653.5 164.0 648.9 157.5 649.1 156.1 643.5 151.5 637.7 143.4 638.2 136.3 639.0 135.7 643.3 127.1 641.6 124.7 640.0 117.2 641.4 108.8 639.5 102.8 637.8 100.4 638.6 95.5 641.0 90.1 641.2 84.4 642.9 79.0 647.7 75.5 652.6 76.3 663.0 91.0 664.0 94.0 667.9 96.1 671.4 96.7 672.7 93.4 678.2 90.7 689.8 89.8 693.0 87.5 698.7 87.7 699.9 89.4 710.3 95.4 716.7 104.4 716.5 105.8 719.4 109.9 719.1 111.3 725.5 120.3 727.3 126.3 733.7 135.3 735.1 135.5 738.6 140.4 740.1 144.2 738.7 152.6 742.6 163.3 740.5 175.9 742.2 178.3 742.6 184.1 741.7 189.7 745.0 199.6 746.8 202.0 745.9 206.9 741.9 209.8 740.5 209.6 731.5 215.9 729.4 219.9
0 821.0 153.7 819.3 154.8 813.8 153.9 809.9 155.4 795.2 165.8 795.0 167.2 786.0 173.6 780.2 174.0 775.3 173.2 774.2 171.5 770.1 170.1 760.5 172.1 756.9 172.2 750.6 171.1 748.0 169.3 745.4 163.8 745.6 162.4 742.7 158.3 741.8 155.3 742.6 146.1 740.9 143.7 740.2 139.2 732.7 128.6 729.3 118.8 724.8 115.8 715.6 102.8 716.0 95.7 717.9 93.1 716.5 84.3 718.6 80.4 724.9 77.1 727.0 73.2 733.0 67.7 733.2 66.3 737.3 63.4 739.5 63.1 747.1 65.1 751.1 62.2 754.0 57.7 755.0 52.1 756.9 49.6 757.6 45.4 760.5 40.8 763.5 39.9 767.0 40.5 770.9 42.6 775.2 42.6 780.7 44.3 783.0 47.5 783.1 51.1 784.9 53.6 788.2 54.9 793.1 60.0 792.9 61.4 797.5 67.9 799.0 71.8 798.9 76.8 806.4 87.4 808.1 98.4 807.2 104.0 810.3 106.7 816.4 108.4 816.3 113.4 820.6 117.7 819.8 126.9 820.4 131.3 819.7 135.5 821.5 138.0 822.7 143.2 821.0 153.7
0 735.7 284.1 731.6 287.0 725.1 287.3 722.6 285.4 716.4 283.7 713.9 281.8 709.7 281.1 705.7 279.0 704.0 276.5 697.5 272.6 694.6 268.5 692.5 268.1 680.3 276.8 673.0 277.7 664.1 270.5 657.2 260.7 657.4 259.3 647.6 245.5 649.0 241.4 654.1 236.5 658.8 234.4 661.7 217.0 660.0 214.6 660.6 211.1 663.0 209.4 666.2 203.4 669.7 199.7 673.2 200.3 675.7 202.2 678.6 206.3 685.6 207.4 689.3 210.9 690.0 215.4 695.1 219.1 699.3 219.8 703.2 221.9 708.4 221.3 712.4 218.4 717.9 220.1 722.5 226.6 723.5 233.2 729.6 240.0 727.9 245.5 726.7 252.4 725.9 253.0 725.7 258.7 730.1 266.6 731.7 274.1 734.6 278.1 736.1 282.0 735.7 284.1
0 835.4 220.7 824.5 226.0 818.2 224.9 816.2 223.9 812.7 219.0 811.2 215.1 804.5 212.6 801.0 207.7 800.4 203.2 798.6 200.8 793.3 198.5 790.1 195.8 788.1 191.1 789.3 184.1 789.5 178.4 791.7 178.1 796.6 174.6 801.2 169.0 806.3 168.4 810.8 171.3 821.2 186.0 822.5 191.2 824.8 194.5 826.1 199.7 831.3 207.1 832.7 207.3 835.6 211.4 836.6 218.0 835.4 220.7
0 853.2 183.5 848.3 187.0 846.9 186.8 840.6 190.0 836.2 190.7 832.1 189.3 827.3 184.1 826.6 179.7 825.2 179.5 823.7 175.6 820.8 171.6 821.6 166.7 827.3 162.6 831.7 161.9 835.0 159.6 840.0 159.8 841.6 158.6 847.1 160.2 851.7 166.8 851.5 168.2 854.4 172.2 855.6 177.5 855.1 181.0 853.2 183.5
0 867.8 160.9 866.4 160.7 862.3 163.5 858.8 163.0 849.8 157.1 841.9 152.9 840.1 150.5 834.8 148.1 832.5 144.9 832.0 139.0 828.2 131.9 828.2 127.6 830.3 123.7 834.8 123.0 839.7 119.5 844.9 118.3 850.7 117.8 855.4 115.8 864.4 117.3 871.4 127.1 873.6 135.3 871.9 145.1 873.4 148.9 872.3 155.2 869.9 156.9 867.8 160.9
0 803.1 233.8 799.8 236.1 794.8 236.0 793.2 237.2 785.6 235.2 783.2 236.9 778.5 234.7 773.9 228.2 772.5 227.9 769.6 223.8 765.9 220.3 760.0 217.2 757.1 213.1 755.8 207.9 756.3 205.1 754.2 200.4 752.9 195.2 754.4 191.1 755.7 183.5 755.4 180.6 757.3 178.0 763.6 174.8 768.5 175.6 771.6 178.3 778.7 178.8 782.0 176.5 786.8 177.3 789.1 180.5 790.2 187.2 789.8 189.3 787.4 191.0 791.5 196.0 794.1 197.9 799.7 198.8 801.4 201.3 801.6 208.5 805.1 213.4 806.5 213.6 804.7 219.8 806.2 223.6 805.4 228.5 803.8 229.6 803.1 233.8
1 587.2 254.6 581.5 254.3 574.6 244.5 573.2 244.3 569.2 238.6 569.4 237.2 556.7 219.3 556.7 215.0 559.1 213.2 562.6 213.8 576.5 233.4 577.9 233.6 580.8 237.7 580.5 239.1 588.1 249.7 587.2 254.6
0 141.4 417.8 137.3 420.7 130.7 421.7 120.3 419.9 116.3 417.8 110.0 416.8 103.5 417.1 101.0 415.2 96.7 415.2 92.8 416.7 88.6 416.0 83.4 417.3 75.6 416.7 71.8 418.2 66.9 417.3 63.0 415.2 58.8 414.5 56.7 409.9 57.9 398.6 69.3 390.5 69.7 388.4 68.2 384.5 65.3 380.5 65.5 379.1 62.6 375.0 61.9 370.6 62.2 364.9 64.8 358.2 71.3 353.5 73.5 353.2 81.2 354.5 86.5 356.8 91.0 359.7 96.2 367.1 97.6 367.3 101.9 371.6 109.0 372.1 114.8 371.7 118.3 368.0 124.0 363.9 126.2 363.6 135.3 365.1 140.4 368.8 144.7 373.1 150.6 376.3 154.7 382.0 153.3 386.1 149.2 389.0 147.5 394.4 148.8 399.7 148.0 404.5 144.1 414.6 141.4 417.8
0 120.7 450.8 112.6 456.6 107.4 457.9 104.9 459.6 93.0 461.9 83.3 468.9 81.9 468.6 77.8 471.5 76.4 471.3 70.9 474.0 67.3 474.1 58.3 472.5 55.7 470.7 51.3 462.7 50.0 457.5 50.1 453.2 53.2 447.3 59.2 441.8 65.8 440.8 76.9 442.7 77.8 442.1 87.5 443.8 88.3 443.2 102.3 445.6 107.5 444.3 114.5 445.5 118.8 445.5 121.9 448.2 120.7 450.8
0 215.7 538.0 208.4 543.2 202.5 543.6 196.3 542.6 193.0 540.6 188.4 542.6 187.1 546.0 182.2 549.5 177.5 551.6 171.7 552.0 166.8 551.2 162.3 548.3 154.2 536.9 154.4 535.5 149.8 528.9 148.4 528.7 143.8 522.2 141.2 520.3 137.8 519.7 133.9 521.2 124.8 519.7 117.9 509.9 117.0 506.9 117.5 499.8 121.4 493.3 121.9 490.5 126.0 487.6 131.8 487.1 135.1 484.8 141.3 485.9 141.9 486.7 149.6 488.0 157.3 485.0 162.0 486.5 165.3 484.2 166.5 477.3 169.2 474.1 174.0 470.6 177.2 464.7 183.3 462.9 191.4 457.1 194.4 456.2 202.1 457.5 206.9 459.0 211.4 461.9 214.2 462.4 218.5 466.7 219.1 471.1 216.0 481.3 211.8 489.2 207.5 493.5 203.7 498.6 202.3 502.7 205.4 505.4 208.2 505.9 214.2 509.0 219.4 516.3 220.7 525.2 219.4 532.9 215.7 538.0
0 690.8 396.9 685.9 400.4 681.4 401.1 669.5 399.8 664.2 401.0 661.8 402.8 658.3 402.2 654.4 400.1 649.1 392.8 642.4 390.2 639.9 388.3 634.1 380.2 629.8 380.1 623.5 379.1 621.5 378.0 618.0 373.1 617.0 366.5 618.4 358.1 616.1 354.9 611.4 353.3 606.3 341.0 604.3 340.0 595.9 338.5 591.1 333.4 589.8 328.2 587.7 323.5 584.8 319.4 583.0 313.4 583.8 304.2 580.9 300.1 575.4 299.2 571.4 297.1 563.3 285.7 563.4 280.7 562.2 275.4 562.7 268.3 566.6 261.8 570.7 259.0 577.3 257.9 579.0 256.8 585.5 256.4 586.8 257.4 590.8 254.5 593.4 247.7 595.3 245.2 609.2 235.4 613.0 233.9 616.6 233.7 622.9 234.8 627.7 239.9 633.7 243.1 639.4 251.2 640.8 251.5 644.3 256.4 651.2 262.6 654.5 263.8 658.0 268.7 658.4 274.6 664.8 283.5 666.1 288.8 664.4 294.2 661.3 300.1 653.9 305.3 653.3 308.8 656.2 312.9 657.6 313.1 660.3 318.6 660.7 324.4 661.9 326.1 660.8 332.3 659.0 334.9 658.6 341.3 656.4 345.9 659.3 345.7 661.7 344.0 670.2 344.7 675.6 347.0 679.0 351.9 681.6 353.8 689.9 355.2 694.7 356.7 697.3 358.6 700.0 367.7 696.9 377.9 692.3 383.6 693.4 389.5 692.6 394.4 690.8 396.9
0 567.1 191.6 560.9 189.9 555.7 191.1 548.0 194.1 540.3 192.8 537.0 191.5 535.7 186.3 534.0 183.9 532.7 178.6 532.3 172.8 533.3 166.5 535.2 164.0 544.2 157.6 547.8 157.5 550.2 155.8 551.4 148.8 553.3 146.3 558.2 142.8 565.6 141.2 571.6 143.6 574.8 146.3 578.6 153.4 578.9 155.6 577.6 163.3 575.8 165.9 573.0 177.6 568.9 176.9 565.9 181.4 565.6 183.5 567.9 186.8 567.1 191.6
0 768.1 253.7 761.0 257.5 752.7 256.1 747.0 255.9 742.4 252.9 740.1 249.7 735.6 246.8 732.1 241.9 731.4 237.5 725.4 230.7 724.8 225.6 732.2 220.4 734.8 213.6 739.7 210.2 748.1 210.9 753.3 218.2 753.1 219.6 757.2 225.3 761.7 228.2 766.9 235.6 768.4 248.0 769.3 251.0 768.1 253.7
