0 493.0 374.5 488.0 375.5 482.0 375.5 480.5 379.0 478.0 381.5 472.0 383.5 467.0 387.5 462.5 392.0 463.5 395.0 463.5 402.0 459.5 410.0 459.5 415.0 460.5 419.0 456.0 421.5 452.5 426.0 453.5 433.0 455.5 438.0 452.5 442.0 452.5 450.0 453.5 455.0 451.5 459.0 445.5 464.0 443.5 469.0 443.5 474.0 449.5 481.0 451.5 486.0 456.0 490.5 461.0 491.5 469.0 491.5 473.0 494.5 483.0 494.5 484.5 491.0 487.0 488.5 492.0 488.5 493.0 489.5 502.0 489.5 505.0 491.5 510.0 497.5 516.0 496.5 519.5 493.0 523.0 487.5 526.0 486.5 529.5 483.0 531.5 479.0 531.5 470.0 530.5 469.0 530.5 460.0 531.5 459.0 530.5 452.0 528.5 448.0 529.5 446.0 529.5 441.0 527.5 435.0 527.5 426.0 526.5 423.0 520.5 417.0 518.5 414.0 522.5 411.0 523.5 406.0 521.5 401.0 518.5 398.0 518.5 390.0 515.0 383.5 512.0 381.5 508.0 380.5 500.0 380.5 493.0 374.5
0 218.0 600.5 209.0 600.5 208.0 601.5 200.0 601.5 198.5 603.0 198.5 607.0 197.0 609.5 193.0 609.5 189.5 612.0 189.5 614.0 192.5 617.0 191.0 619.5 188.0 621.5 184.0 620.5 171.0 620.5 169.0 621.5 167.5 625.0 155.5 633.0 158.5 637.0 157.0 639.5 152.0 637.5 148.5 642.0 148.5 645.0 152.5 649.0 152.5 652.0 156.0 655.5 159.0 656.5 162.0 659.5 168.0 659.5 172.0 661.5 177.0 660.5 179.5 667.0 179.5 679.0 182.5 684.0 185.0 686.5 189.0 688.5 197.0 688.5 201.5 684.0 206.5 676.0 206.5 672.0 208.5 666.0 207.5 663.0 210.5 659.0 216.0 653.5 221.0 650.5 226.0 651.5 236.0 649.5 238.5 648.0 238.5 646.0 242.5 639.0 242.5 632.0 244.5 630.0 244.5 625.0 243.5 623.0 238.5 618.0 237.5 615.0 235.0 612.5 232.0 611.5 229.5 609.0 228.5 606.0 226.0 603.5 218.0 600.5
0 179.0 583.5 172.0 583.5 167.0 586.5 160.0 587.5 159.0 586.5 154.0 586.5 151.0 587.5 148.0 585.5 145.0 585.5 141.0 587.5 138.0 586.5 135.0 587.5 128.0 587.5 122.0 590.5 119.5 595.0 116.5 598.0 115.5 602.0 115.5 610.0 117.5 617.0 122.0 621.5 125.0 622.5 130.0 626.5 137.0 627.5 140.0 625.5 149.0 616.5 154.0 612.5 158.0 611.5 162.0 607.5 165.0 608.5 168.5 608.0 167.5 604.0 168.5 602.0 173.0 599.5 176.0 599.5 178.5 597.0 179.5 593.0 185.5 588.0 182.0 584.5 179.0 583.5
0 205.0 459.5 197.0 460.5 192.0 463.5 189.5 466.0 187.0 471.5 183.0 471.5 178.0 469.5 172.0 469.5 166.0 471.5 158.5 479.0 157.5 481.0 157.5 512.0 156.5 515.0 144.5 527.0 143.5 529.0 143.5 534.0 144.5 539.0 147.5 542.0 148.5 546.0 152.0 550.5 154.0 551.5 160.0 551.5 168.0 549.5 172.0 547.5 176.0 547.5 179.5 544.0 182.5 539.0 182.5 534.0 181.5 533.0 185.0 528.5 188.0 527.5 193.0 530.5 197.0 529.5 198.5 532.0 197.5 538.0 201.0 541.5 216.0 541.5 219.5 544.0 221.0 547.5 222.5 547.0 223.5 542.0 227.0 539.5 232.0 538.5 239.0 538.5 242.0 539.5 243.5 538.0 243.5 532.0 247.0 530.5 249.5 527.0 250.5 522.0 250.5 516.0 247.5 511.0 247.5 509.0 238.0 502.5 233.0 502.5 221.0 498.5 219.5 496.0 219.5 491.0 221.5 485.0 221.5 475.0 218.5 468.0 215.0 463.5 209.0 460.5 205.0 459.5
0 773.0 365.5 766.0 365.5 761.5 368.0 760.5 374.0 757.5 377.0 756.5 384.0 754.5 387.0 754.5 390.0 752.5 393.0 751.5 398.0 749.0 401.5 743.0 403.5 739.0 402.5 733.0 402.5 731.0 403.5 726.5 408.0 725.5 413.0 725.5 419.0 724.5 420.0 724.5 425.0 725.5 426.0 725.5 431.0 726.5 432.0 726.5 444.0 728.5 449.0 733.0 453.5 735.0 454.5 743.0 454.5 749.0 460.5 753.5 464.0 753.5 465.0 762.0 473.5 768.0 474.5 772.5 471.0 774.5 462.0 777.5 458.0 777.5 451.0 776.5 446.0 777.5 441.0 780.5 435.0 783.0 432.5 788.0 430.5 791.0 430.5 793.5 428.0 794.5 421.0 793.5 417.0 790.5 413.0 790.5 408.0 789.5 407.0 789.5 402.0 788.5 399.0 786.0 396.5 784.0 396.5 781.5 394.0 780.5 391.0 780.5 383.0 779.5 382.0 779.5 374.0 775.5 367.0 773.0 365.5
0 814.0 374.5 807.0 376.5 797.0 382.5 793.5 386.0 793.5 392.0 791.5 398.0 791.5 402.0 794.5 408.0 793.5 413.0 797.0 419.5 801.0 418.5 808.0 418.5 812.0 421.5 816.0 422.5 818.5 421.0 820.5 417.0 826.5 412.0 826.5 401.0 827.5 400.0 827.5 386.0 826.5 383.0 820.0 376.5 814.0 374.5
0 918.0 382.5 913.0 387.5 911.5 388.0 911.5 406.0 912.5 409.0 916.0 411.5 918.5 415.0 919.5 419.0 922.0 420.5 932.0 430.5 936.0 432.5 937.5 435.0 938.5 440.0 941.0 443.5 946.0 445.5 950.0 445.5 954.0 441.5 958.0 439.5 963.0 438.5 972.0 433.5 977.5 428.0 977.5 421.0 975.5 416.0 974.5 408.0 971.5 403.0 966.5 398.0 964.5 393.0 958.0 387.5 954.0 385.5 949.0 386.5 941.0 386.5 936.0 388.5 930.0 386.5 925.0 386.5 922.0 388.5 920.5 388.0 921.5 384.0 918.0 382.5
1 670.0 480.5 665.0 480.5 663.5 483.0 663.5 491.0 662.5 492.0 662.5 505.0 661.5 509.0 665.5 520.0 669.0 522.5 672.5 521.0 672.5 499.0 673.5 498.0 673.5 490.0 672.5 485.0 670.0 480.5
1 678.0 481.5 676.0 481.5 674.5 484.0 677.0 486.5 679.5 484.0 678.0 481.5
0 587.0 348.5 586.0 349.5 581.0 349.5 576.5 352.0 576.5 353.0 570.5 359.0 567.0 367.5 561.0 367.5 560.0 368.5 555.0 368.5 551.0 370.5 545.5 376.0 543.5 382.0 544.5 388.0 546.5 394.0 543.0 397.5 540.0 398.5 536.5 402.0 534.5 407.0 534.5 415.0 537.5 421.0 537.5 424.0 533.5 429.0 530.5 434.0 530.5 445.0 532.5 449.0 538.0 454.5 548.0 457.5 552.0 457.5 554.5 461.0 554.5 463.0 548.5 467.0 546.5 471.0 546.5 479.0 544.0 482.5 536.0 482.5 533.0 484.5 525.5 492.0 523.5 497.0 523.5 506.0 525.5 512.0 530.0 516.5 537.0 519.5 539.0 519.5 540.5 522.0 540.5 531.0 544.5 540.0 549.0 544.5 554.0 546.5 563.0 546.5 566.0 545.5 574.5 539.0 577.0 534.5 580.0 537.5 586.0 539.5 591.0 539.5 592.0 540.5 597.0 540.5 602.0 538.5 607.5 533.0 610.5 529.0 612.5 524.0 612.5 518.0 615.0 515.5 622.0 511.5 626.5 507.0 631.5 494.0 631.5 487.0 630.5 484.0 626.0 479.5 622.5 478.0 623.5 472.0 625.5 468.0 626.5 461.0 625.5 460.0 625.5 455.0 624.5 452.0 617.0 440.5 612.5 438.0 611.5 431.0 613.5 426.0 613.5 423.0 616.5 417.0 616.5 404.0 614.5 400.0 616.5 392.0 616.5 378.0 613.5 371.0 610.0 367.5 603.0 363.5 598.5 359.0 596.5 355.0 593.0 351.5 587.0 348.5
0 671.0 301.5 663.0 301.5 661.0 302.5 659.5 306.0 656.0 309.5 646.0 313.5 643.0 313.5 640.5 318.0 640.5 326.0 637.5 331.0 637.5 333.0 634.5 337.0 634.5 344.0 630.0 347.5 624.5 353.0 623.5 356.0 624.5 364.0 626.5 368.0 631.5 374.0 631.5 379.0 630.5 380.0 630.5 388.0 631.5 389.0 631.5 394.0 628.5 400.0 626.5 402.0 624.5 407.0 625.5 413.0 627.5 416.0 628.5 420.0 628.5 459.0 630.5 465.0 635.5 470.0 636.5 473.0 639.5 477.0 644.0 479.5 648.0 480.5 658.0 480.5 667.0 474.5 672.0 474.5 677.0 476.5 681.0 479.5 695.0 479.5 699.0 478.5 702.0 476.5 707.0 475.5 709.5 473.0 713.5 463.0 714.5 459.0 714.5 452.0 713.5 451.0 713.5 442.0 714.5 441.0 714.5 430.0 712.5 424.0 712.5 416.0 713.5 412.0 711.5 408.0 711.5 403.0 707.0 398.5 705.0 398.5 699.0 394.5 696.0 393.5 693.5 391.0 691.5 387.0 691.5 384.0 688.5 377.0 680.5 369.0 679.5 366.0 676.0 363.5 673.0 363.5 672.0 361.5 676.0 361.5 680.5 357.0 680.5 354.0 683.5 348.0 683.5 343.0 686.0 340.5 690.0 338.5 697.0 339.5 698.5 338.0 696.5 334.0 697.5 327.0 694.5 319.0 692.0 316.5 680.0 311.5 677.5 308.0 677.5 306.0 674.0 302.5 671.0 301.5
0 697.0 535.5 686.0 535.5 682.5 538.0 681.5 542.0 677.0 545.5 667.0 547.5 662.5 553.0 661.5 556.0 658.0 557.5 654.0 561.5 652.0 561.5 648.5 568.0 649.5 572.0 649.5 578.0 657.0 583.5 665.0 583.5 669.5 580.0 672.0 576.5 675.0 579.5 689.0 579.5 692.0 577.5 697.0 578.5 702.0 582.5 708.0 582.5 714.0 580.5 717.5 577.0 719.5 572.0 719.5 565.0 716.5 559.0 712.0 555.5 704.5 548.0 703.5 542.0 697.0 535.5
0 827.0 421.5 819.0 423.5 808.0 423.5 807.0 422.5 796.0 429.5 793.0 430.5 782.0 430.5 777.5 438.0 776.5 443.0 776.5 449.0 779.5 453.0 779.5 462.0 775.5 468.0 776.5 470.0 776.5 475.0 777.5 479.0 772.5 485.0 772.5 490.0 773.5 493.0 778.0 497.5 781.0 497.5 783.5 500.0 783.5 503.0 781.0 505.5 778.0 506.5 775.5 509.0 774.5 512.0 775.5 517.0 775.5 522.0 773.5 527.0 772.5 535.0 773.5 538.0 777.0 541.5 783.0 544.5 786.5 548.0 788.5 557.0 792.0 560.5 797.0 562.5 799.5 566.0 799.5 568.0 803.0 574.5 808.0 576.5 810.5 579.0 810.5 581.0 813.0 584.5 818.0 587.5 822.0 586.5 825.5 583.0 825.5 566.0 824.5 563.0 828.0 558.5 836.0 557.5 842.0 554.5 844.0 552.5 855.0 547.5 857.5 543.0 862.5 538.0 864.5 534.0 864.5 526.0 860.5 516.0 860.5 500.0 857.5 494.0 857.5 485.0 858.5 484.0 858.5 478.0 855.5 472.0 851.5 468.0 850.5 462.0 847.0 456.5 842.0 455.5 838.5 453.0 838.5 447.0 832.5 439.0 831.5 435.0 831.5 426.0 827.0 421.5
0 921.0 423.5 914.0 423.5 909.0 426.5 904.0 426.5 903.0 427.5 896.0 428.5 891.0 426.5 879.0 426.5 877.0 427.5 870.5 434.0 870.5 435.0 865.0 440.5 860.0 443.5 857.0 447.5 852.0 446.5 850.5 449.0 854.5 452.0 851.5 455.0 850.5 458.0 853.5 467.0 859.5 475.0 859.5 484.0 858.5 485.0 858.5 493.0 863.5 500.0 863.5 508.0 861.5 512.0 861.5 515.0 863.5 519.0 864.5 526.0 866.5 530.0 871.5 535.0 872.5 538.0 877.0 541.5 880.0 540.5 889.0 540.5 899.0 544.5 904.0 544.5 907.5 542.0 910.0 538.5 917.0 536.5 919.5 539.0 922.0 543.5 928.0 545.5 932.0 548.5 936.0 548.5 940.5 544.0 941.5 540.0 943.5 537.0 941.5 534.0 941.5 528.0 943.0 526.5 946.0 526.5 950.5 523.0 952.5 519.0 949.5 509.0 949.5 503.0 946.5 498.0 946.5 493.0 947.5 488.0 944.5 481.0 939.0 475.5 935.5 473.0 934.5 470.0 931.5 466.0 928.5 457.0 929.5 455.0 929.5 443.0 927.5 437.0 927.5 433.0 924.5 429.0 923.5 426.0 921.0 423.5
0 893.0 361.5 883.0 361.5 881.0 362.5 875.5 368.0 875.5 377.0 872.5 383.0 871.5 388.0 875.5 393.0 874.5 400.0 871.5 403.0 871.5 410.0 877.0 415.5 882.0 419.5 887.0 418.5 890.0 420.5 897.0 420.5 901.5 417.0 901.5 412.0 899.5 409.0 900.5 406.0 900.5 392.0 898.5 388.0 898.5 371.0 897.5 370.0 896.5 364.0 893.0 361.5
