0 493.0 345.5 488.0 344.5 482.0 344.5 480.5 341.0 478.0 338.5 472.0 336.5 467.0 332.5 462.5 328.0 463.5 325.0 463.5 318.0 459.5 310.0 459.5 305.0 460.5 301.0 456.0 298.5 452.5 294.0 453.5 287.0 455.5 282.0 452.5 278.0 452.5 270.0 453.5 265.0 451.5 261.0 445.5 256.0 443.5 251.0 443.5 246.0 449.5 239.0 451.5 234.0 456.0 229.5 461.0 228.5 469.0 228.5 473.0 225.5 483.0 225.5 484.5 229.0 487.0 231.5 492.0 231.5 493.0 230.5 502.0 230.5 505.0 228.5 510.0 222.5 516.0 223.5 519.5 227.0 523.0 232.5 526.0 233.5 529.5 237.0 531.5 241.0 531.5 250.0 530.5 251.0 530.5 260.0 531.5 261.0 530.5 268.0 528.5 272.0 529.5 274.0 529.5 279.0 527.5 285.0 527.5 294.0 526.5 297.0 520.5 303.0 518.5 306.0 522.5 309.0 523.5 314.0 521.5 319.0 518.5 322.0 518.5 330.0 515.0 336.5 512.0 338.5 508.0 339.5 500.0 339.5 493.0 345.5
0 218.0 119.5 209.0 119.5 208.0 118.5 200.0 118.5 198.5 117.0 198.5 113.0 197.0 110.5 193.0 110.5 189.5 108.0 189.5 106.0 192.5 103.0 191.0 100.5 188.0 98.5 184.0 99.5 171.0 99.5 169.0 98.5 167.5 95.0 155.5 87.0 158.5 83.0 157.0 80.5 152.0 82.5 148.5 78.0 148.5 75.0 152.5 71.0 152.5 68.0 156.0 64.5 159.0 63.5 162.0 60.5 168.0 60.5 172.0 58.5 177.0 59.5 179.5 53.0 179.5 41.0 182.5 36.0 185.0 33.5 189.0 31.5 197.0 31.5 201.5 36.0 206.5 44.0 206.5 48.0 208.5 54.0 207.5 57.0 210.5 61.0 216.0 66.5 221.0 69.5 226.0 68.5 236.0 70.5 238.5 72.0 238.5 74.0 242.5 81.0 242.5 88.0 244.5 90.0 244.5 95.0 243.5 97.0 238.5 102.0 237.5 105.0 235.0 107.5 232.0 108.5 229.5 111.0 228.5 114.0 226.0 116.5 218.0 119.5
0 179.0 136.5 172.0 136.5 167.0 133.5 160.0 132.5 159.0 133.5 154.0 133.5 151.0 132.5 148.0 134.5 145.0 134.5 141.0 132.5 138.0 133.5 135.0 132.5 128.0 132.5 122.0 129.5 119.5 125.0 116.5 122.0 115.5 118.0 115.5 110.0 117.5 103.0 122.0 98.5 125.0 97.5 130.0 93.5 137.0 92.5 140.0 94.5 149.0 103.5 154.0 107.5 158.0 108.5 162.0 112.5 165.0 111.5 168.5 112.0 167.5 116.0 168.5 118.0 173.0 120.5 176.0 120.5 178.5 123.0 179.5 127.0 185.5 132.0 182.0 135.5 179.0 136.5
0 205.0 260.5 197.0 259.5 192.0 256.5 189.5 254.0 187.0 248.5 183.0 248.5 178.0 250.5 172.0 250.5 166.0 248.5 158.5 241.0 157.5 239.0 157.5 208.0 156.5 205.0 144.5 193.0 143.5 191.0 143.5 186.0 144.5 181.0 147.5 178.0 148.5 174.0 152.0 169.5 154.0 168.5 160.0 168.5 168.0 170.5 172.0 172.5 176.0 172.5 179.5 176.0 182.5 181.0 182.5 186.0 181.5 187.0 185.0 191.5 188.0 192.5 193.0 189.5 197.0 190.5 198.5 188.0 197.5 182.0 201.0 178.5 216.0 178.5 219.5 176.0 221.0 172.5 222.5 173.0 223.5 178.0 227.0 180.5 232.0 181.5 239.0 181.5 242.0 180.5 243.5 182.0 243.5 188.0 247.0 189.5 249.5 193.0 250.5 198.0 250.5 204.0 247.5 209.0 247.5 211.0 238.0 217.5 233.0 217.5 221.0 221.5 219.5 224.0 219.5 229.0 221.5 235.0 221.5 245.0 218.5 252.0 215.0 256.5 209.0 259.5 205.0 260.5
0 773.0 354.5 766.0 354.5 761.5 352.0 760.5 346.0 757.5 343.0 756.5 336.0 754.5 333.0 754.5 330.0 752.5 327.0 751.5 322.0 749.0 318.5 743.0 316.5 739.0 317.5 733.0 317.5 731.0 316.5 726.5 312.0 725.5 307.0 725.5 301.0 724.5 300.0 724.5 295.0 725.5 294.0 725.5 289.0 726.5 288.0 726.5 276.0 728.5 271.0 733.0 266.5 735.0 265.5 743.0 265.5 749.0 259.5 753.5 256.0 753.5 255.0 762.0 246.5 768.0 245.5 772.5 249.0 774.5 258.0 777.5 262.0 777.5 269.0 776.5 274.0 777.5 279.0 780.5 285.0 783.0 287.5 788.0 289.5 791.0 289.5 793.5 292.0 794.5 299.0 793.5 303.0 790.5 307.0 790.5 312.0 789.5 313.0 789.5 318.0 788.5 321.0 786.0 323.5 784.0 323.5 781.5 326.0 780.5 329.0 780.5 337.0 779.5 338.0 779.5 346.0 775.5 353.0 773.0 354.5
0 814.0 345.5 807.0 343.5 797.0 337.5 793.5 334.0 793.5 328.0 791.5 322.0 791.5 318.0 794.5 312.0 793.5 307.0 797.0 300.5 801.0 301.5 808.0 301.5 812.0 298.5 816.0 297.5 818.5 299.0 820.5 303.0 826.5 308.0 826.5 319.0 827.5 320.0 827.5 334.0 826.5 337.0 820.0 343.5 814.0 345.5
0 918.0 337.5 913.0 332.5 911.5 332.0 911.5 314.0 912.5 311.0 916.0 308.5 918.5 305.0 919.5 301.0 922.0 299.5 932.0 289.5 936.0 287.5 937.5 285.0 938.5 280.0 941.0 276.5 946.0 274.5 950.0 274.5 954.0 278.5 958.0 280.5 963.0 281.5 972.0 286.5 977.5 292.0 977.5 299.0 975.5 304.0 974.5 312.0 971.5 317.0 966.5 322.0 964.5 327.0 958.0 332.5 954.0 334.5 949.0 333.5 941.0 333.5 936.0 331.5 930.0 333.5 925.0 333.5 922.0 331.5 920.5 332.0 921.5 336.0 918.0 337.5
1 670.0 239.5 665.0 239.5 663.5 237.0 663.5 229.0 662.5 228.0 662.5 215.0 661.5 211.0 665.5 200.0 669.0 197.5 672.5 199.0 672.5 221.0 673.5 222.0 673.5 230.0 672.5 235.0 670.0 239.5
1 678.0 238.5 676.0 238.5 674.5 236.0 677.0 233.5 679.5 236.0 678.0 238.5
0 587.0 371.5 586.0 370.5 581.0 370.5 576.5 368.0 576.5 367.0 570.5 361.0 567.0 352.5 561.0 352.5 560.0 351.5 555.0 351.5 551.0 349.5 545.5 344.0 543.5 338.0 544.5 332.0 546.5 326.0 543.0 322.5 540.0 321.5 536.5 318.0 534.5 313.0 534.5 305.0 537.5 299.0 537.5 296.0 533.5 291.0 530.5 286.0 530.5 275.0 532.5 271.0 538.0 265.5 548.0 262.5 552.0 262.5 554.5 259.0 554.5 257.0 548.5 253.0 546.5 249.0 546.5 241.0 544.0 237.5 536.0 237.5 533.0 235.5 525.5 228.0 523.5 223.0 523.5 214.0 525.5 208.0 530.0 203.5 537.0 200.5 539.0 200.5 540.5 198.0 540.5 189.0 544.5 180.0 549.0 175.5 554.0 173.5 563.0 173.5 566.0 174.5 574.5 181.0 577.0 185.5 580.0 182.5 586.0 180.5 591.0 180.5 592.0 179.5 597.0 179.5 602.0 181.5 607.5 187.0 610.5 191.0 612.5 196.0 612.5 202.0 615.0 204.5 622.0 208.5 626.5 213.0 631.5 226.0 631.5 233.0 630.5 236.0 626.0 240.5 622.5 242.0 623.5 248.0 625.5 252.0 626.5 259.0 625.5 260.0 625.5 265.0 624.5 268.0 617.0 279.5 612.5 282.0 611.5 289.0 613.5 294.0 613.5 297.0 616.5 303.0 616.5 316.0 614.5 320.0 616.5 328.0 616.5 342.0 613.5 349.0 610.0 352.5 603.0 356.5 598.5 361.0 596.5 365.0 593.0 368.5 587.0 371.5
0 671.0 418.5 663.0 418.5 661.0 417.5 659.5 414.0 656.0 410.5 646.0 406.5 643.0 406.5 640.5 402.0 640.5 394.0 637.5 389.0 637.5 387.0 634.5 383.0 634.5 376.0 630.0 372.5 624.5 367.0 623.5 364.0 624.5 356.0 626.5 352.0 631.5 346.0 631.5 341.0 630.5 340.0 630.5 332.0 631.5 331.0 631.5 326.0 628.5 320.0 626.5 318.0 624.5 313.0 625.5 307.0 627.5 304.0 628.5 300.0 628.5 261.0 630.5 255.0 635.5 250.0 636.5 247.0 639.5 243.0 644.0 240.5 648.0 239.5 658.0 239.5 667.0 245.5 672.0 245.5 677.0 243.5 681.0 240.5 695.0 240.5 699.0 241.5 702.0 243.5 707.0 244.5 709.5 247.0 713.5 257.0 714.5 261.0 714.5 268.0 713.5 269.0 713.5 278.0 714.5 279.0 714.5 290.0 712.5 296.0 712.5 304.0 713.5 308.0 711.5 312.0 711.5 317.0 707.0 321.5 705.0 321.5 699.0 325.5 696.0 326.5 693.5 329.0 691.5 333.0 691.5 336.0 688.5 343.0 680.5 351.0 679.5 354.0 676.0 356.5 673.0 356.5 672.0 358.5 676.0 358.5 680.5 363.0 680.5 366.0 683.5 372.0 683.5 377.0 686.0 379.5 690.0 381.5 697.0 380.5 698.5 382.0 696.5 386.0 697.5 393.0 694.5 401.0 692.0 403.5 680.0 408.5 677.5 412.0 677.5 414.0 674.0 417.5 671.0 418.5
0 697.0 184.5 686.0 184.5 682.5 182.0 681.5 178.0 677.0 174.5 667.0 172.5 662.5 167.0 661.5 164.0 658.0 162.5 654.0 158.5 652.0 158.5 648.5 152.0 649.5 148.0 649.5 142.0 657.0 136.5 665.0 136.5 669.5 140.0 672.0 143.5 675.0 140.5 689.0 140.5 692.0 142.5 697.0 141.5 702.0 137.5 708.0 137.5 714.0 139.5 717.5 143.0 719.5 148.0 719.5 155.0 716.5 161.0 712.0 164.5 704.5 172.0 703.5 178.0 697.0 184.5
0 827.0 298.5 819.0 296.5 808.0 296.5 807.0 297.5 796.0 290.5 793.0 289.5 782.0 289.5 777.5 282.0 776.5 277.0 776.5 271.0 779.5 267.0 779.5 258.0 775.5 252.0 776.5 250.0 776.5 245.0 777.5 241.0 772.5 235.0 772.5 230.0 773.5 227.0 778.0 222.5 781.0 222.5 783.5 220.0 783.5 217.0 781.0 214.5 778.0 213.5 775.5 211.0 774.5 208.0 775.5 203.0 775.5 198.0 773.5 193.0 772.5 185.0 773.5 182.0 777.0 178.5 783.0 175.5 786.5 172.0 788.5 163.0 792.0 159.5 797.0 157.5 799.5 154.0 799.5 152.0 803.0 145.5 808.0 143.5 810.5 141.0 810.5 139.0 813.0 135.5 818.0 132.5 822.0 133.5 825.5 137.0 825.5 154.0 824.5 157.0 828.0 161.5 836.0 162.5 842.0 165.5 844.0 167.5 855.0 172.5 857.5 177.0 862.5 182.0 864.5 186.0 864.5 194.0 860.5 204.0 860.5 220.0 857.5 226.0 857.5 235.0 858.5 236.0 858.5 242.0 855.5 248.0 851.5 252.0 850.5 258.0 847.0 263.5 842.0 264.5 838.5 267.0 838.5 273.0 832.5 281.0 831.5 285.0 831.5 294.0 827.0 298.5
0 921.0 296.5 914.0 296.5 909.0 293.5 904.0 293.5 903.0 292.5 896.0 291.5 891.0 293.5 879.0 293.5 877.0 292.5 870.5 286.0 870.5 285.0 865.0 279.5 860.0 276.5 857.0 272.5 852.0 273.5 850.5 271.0 854.5 268.0 851.5 265.0 850.5 262.0 853.5 253.0 859.5 245.0 859.5 236.0 858.5 235.0 858.5 227.0 863.5 220.0 863.5 212.0 861.5 208.0 861.5 205.0 863.5 201.0 864.5 194.0 866.5 190.0 871.5 185.0 872.5 182.0 877.0 178.5 880.0 179.5 889.0 179.5 899.0 175.5 904.0 175.5 907.5 178.0 910.0 181.5 917.0 183.5 919.5 181.0 922.0 176.5 928.0 174.5 932.0 171.5 936.0 171.5 940.5 176.0 941.5 180.0 943.5 183.0 941.5 186.0 941.5 192.0 943.0 193.5 946.0 193.5 950.5 197.0 952.5 201.0 949.5 211.0 949.5 217.0 946.5 222.0 946.5 227.0 947.5 232.0 944.5 239.0 939.0 244.5 935.5 247.0 934.5 250.0 931.5 254.0 928.5 263.0 929.5 265.0 929.5 277.0 927.5 283.0 927.5 287.0 924.5 291.0 923.5 294.0 921.0 296.5
0 893.0 358.5 883.0 358.5 881.0 357.5 875.5 352.0 875.5 343.0 872.5 337.0 871.5 332.0 875.5 327.0 874.5 320.0 871.5 317.0 871.5 310.0 877.0 304.5 882.0 300.5 887.0 301.5 890.0 299.5 897.0 299.5 901.5 303.0 901.5 308.0 899.5 311.0 900.5 314.0 900.5 328.0 898.5 332.0 898.5 349.0 897.5 350.0 896.5 356.0 893.0 358.5
