0 507.7 343.1 503.2 341.9 497.8 341.9 496.4 337.9 494.2 335.0 488.8 332.6 484.3 328.0 480.2 322.7 481.1 319.2 481.1 311.1 477.5 301.7 477.5 295.9 478.4 291.3 474.4 288.3 471.2 283.1 472.1 274.9 473.9 269.1 471.2 264.5 471.2 255.1 472.1 249.3 470.3 244.7 464.9 238.8 463.1 233.0 463.1 227.2 468.5 219.0 470.3 213.2 474.4 208.0 478.9 206.8 486.1 206.8 489.7 203.3 498.7 203.3 500.0 207.4 502.3 210.3 506.8 210.3 507.7 209.1 515.8 209.1 518.5 206.8 523.0 199.8 528.4 201.0 531.5 205.0 534.7 211.5 537.4 212.6 540.5 216.7 542.3 221.4 542.3 231.8 541.4 233.0 541.4 243.5 542.3 244.7 541.4 252.8 539.6 257.5 540.5 259.8 540.5 265.6 538.7 272.6 538.7 283.1 537.8 286.6 532.4 293.6 530.6 297.1 534.2 300.6 535.1 306.4 533.3 312.2 530.6 315.7 530.6 325.0 527.5 332.6 524.8 335.0 521.2 336.1 514.0 336.1 507.7 343.1
0 260.2 79.8 252.1 79.8 251.2 78.6 244.0 78.6 242.6 76.9 242.6 72.2 241.3 69.3 237.7 69.3 234.5 66.4 234.5 64.1 237.2 60.6 235.9 57.7 233.2 55.3 229.6 56.5 217.9 56.5 216.1 55.3 214.7 51.3 203.9 41.9 206.6 37.3 205.3 34.4 200.8 36.7 197.6 31.4 197.6 28.0 201.2 23.3 201.2 19.8 204.4 15.7 207.1 14.6 209.8 11.1 215.2 11.1 218.8 8.7 223.3 9.9 225.5 2.3 225.5 -11.7 228.2 -17.5 230.5 -20.4 234.1 -22.7 241.3 -22.7 245.3 -17.5 249.8 -8.2 249.8 -3.5 251.6 3.5 250.7 7.0 253.4 11.6 258.4 18.0 262.9 21.5 267.4 20.4 276.4 22.7 278.6 24.5 278.6 26.8 282.2 34.9 282.2 43.1 284.0 45.4 284.0 51.3 283.1 53.6 278.6 59.4 277.7 62.9 275.5 65.8 272.8 67.0 270.5 69.9 269.6 73.4 267.4 76.3 260.2 79.8
0 225.1 99.6 218.8 99.6 214.3 96.1 208.0 94.9 207.1 96.1 202.6 96.1 199.9 94.9 197.2 97.3 194.5 97.3 190.9 94.9 188.2 96.1 185.5 94.9 179.2 94.9 173.8 91.4 171.5 86.2 168.8 82.7 167.9 78.0 167.9 68.7 169.7 60.6 173.8 55.3 176.5 54.2 181.0 49.5 187.3 48.3 190.0 50.7 198.1 61.2 202.6 65.8 206.2 67.0 209.8 71.6 212.5 70.5 215.6 71.1 214.7 75.7 215.6 78.0 219.7 81.0 222.4 81.0 224.6 83.9 225.5 88.5 230.9 94.4 227.8 98.4 225.1 99.6
0 248.5 244.1 241.3 242.9 236.8 239.4 234.5 236.5 232.3 230.1 228.7 230.1 224.2 232.4 218.8 232.4 213.4 230.1 206.6 221.4 205.7 219.0 205.7 182.9 204.8 179.4 194.0 165.4 193.1 163.1 193.1 157.3 194.0 151.4 196.7 148.0 197.6 143.3 200.8 138.1 202.6 136.9 208.0 136.9 215.2 139.2 218.8 141.5 222.4 141.5 225.5 145.6 228.2 151.4 228.2 157.3 227.3 158.4 230.5 163.7 233.2 164.8 237.7 161.4 241.3 162.5 242.6 159.6 241.7 152.6 244.9 148.5 258.4 148.5 261.5 145.6 262.9 141.5 264.2 142.1 265.1 148.0 268.3 150.9 272.8 152.0 279.1 152.0 281.8 150.9 283.1 152.6 283.1 159.6 286.3 161.4 288.5 165.4 289.4 171.3 289.4 178.2 286.7 184.1 286.7 186.4 278.2 194.0 273.7 194.0 262.9 198.6 261.5 201.5 261.5 207.4 263.3 214.4 263.3 226.0 260.6 234.2 257.5 239.4 252.1 242.9 248.5 244.1
0 759.7 353.6 753.4 353.6 749.4 350.7 748.5 343.7 745.8 340.2 744.9 332.0 743.1 328.5 743.1 325.0 741.3 321.6 740.4 315.7 738.1 311.6 732.7 309.3 729.1 310.5 723.7 310.5 721.9 309.3 717.9 304.1 717.0 298.3 717.0 291.3 716.1 290.1 716.1 284.3 717.0 283.1 717.0 277.3 717.9 276.1 717.9 262.1 719.7 256.3 723.7 251.1 725.5 249.9 732.7 249.9 738.1 242.9 742.2 238.8 742.2 237.7 749.8 227.8 755.2 226.6 759.3 230.7 761.1 241.2 763.8 245.8 763.8 254.0 762.9 259.8 763.8 265.6 766.5 272.6 768.7 275.5 773.2 277.9 775.9 277.9 778.2 280.8 779.1 288.9 778.2 293.6 775.5 298.3 775.5 304.1 774.6 305.2 774.6 311.1 773.7 314.6 771.4 317.5 769.6 317.5 767.4 320.4 766.5 323.9 766.5 333.2 765.6 334.4 765.6 343.7 762.0 351.8 759.7 353.6
0 796.6 343.1 790.3 340.8 781.3 333.8 778.2 329.7 778.2 322.7 776.4 315.7 776.4 311.1 779.1 304.1 778.2 298.3 781.3 290.7 784.9 291.8 791.2 291.8 794.8 288.3 798.4 287.2 800.7 288.9 802.5 293.6 807.9 299.4 807.9 312.2 808.8 313.4 808.8 329.7 807.9 333.2 802.0 340.8 796.6 343.1
0 890.2 333.8 885.7 328.0 884.4 327.4 884.4 306.4 885.3 302.9 888.4 300.0 890.7 295.9 891.6 291.3 893.8 289.5 902.8 277.9 906.4 275.5 907.8 272.6 908.7 266.8 910.9 262.7 915.4 260.4 919.0 260.4 922.6 265.0 926.2 267.4 930.7 268.5 938.8 274.4 943.8 280.8 943.8 288.9 942.0 294.8 941.1 304.1 938.4 309.9 933.9 315.7 932.1 321.6 926.2 328.0 922.6 330.3 918.1 329.1 910.9 329.1 906.4 326.8 901.0 329.1 896.5 329.1 893.8 326.8 892.5 327.4 893.4 332.0 890.2 333.8
1 667.0 219.6 662.5 219.6 661.2 216.7 661.2 207.4 660.3 206.2 660.3 191.1 659.4 186.4 663.0 173.6 666.1 170.7 669.3 172.4 669.3 198.1 670.2 199.2 670.2 208.5 669.3 214.4 667.0 219.6
1 674.2 218.4 672.4 218.4 671.1 215.5 673.3 212.6 675.6 215.5 674.2 218.4
0 592.3 373.4 591.4 372.2 586.9 372.2 582.8 369.3 582.8 368.2 577.4 361.2 574.3 351.3 568.9 351.3 568.0 350.1 563.5 350.1 559.9 347.8 554.9 341.4 553.1 334.4 554.0 327.4 555.8 320.4 552.7 316.3 550.0 315.1 546.8 311.1 545.0 305.2 545.0 295.9 547.7 288.9 547.7 285.4 544.1 279.6 541.4 273.8 541.4 261.0 543.2 256.3 548.2 249.9 557.2 246.4 560.8 246.4 563.0 242.3 563.0 240.0 557.6 235.3 555.8 230.7 555.8 221.4 553.6 217.3 546.4 217.3 543.7 214.9 536.9 206.2 535.1 200.4 535.1 189.9 536.9 182.9 541.0 177.7 547.3 174.2 549.1 174.2 550.4 171.3 550.4 160.8 554.0 150.3 558.1 145.0 562.6 142.7 570.7 142.7 573.4 143.9 581.0 151.4 583.3 156.7 586.0 153.2 591.4 150.9 595.9 150.9 596.8 149.7 601.3 149.7 605.8 152.0 610.7 158.4 613.4 163.1 615.2 168.9 615.2 175.9 617.5 178.8 623.8 183.5 627.8 188.7 632.3 203.9 632.3 212.0 631.4 215.5 627.4 220.8 624.2 222.5 625.1 229.5 626.9 234.2 627.8 242.3 626.9 243.5 626.9 249.3 626.0 252.8 619.3 266.2 615.2 269.1 614.3 277.3 616.1 283.1 616.1 286.6 618.8 293.6 618.8 308.7 617.0 313.4 618.8 322.7 618.8 339.0 616.1 347.2 613.0 351.3 606.7 355.9 602.6 361.2 600.8 365.8 597.7 369.9 592.3 373.4
0 667.9 428.2 660.7 428.2 658.9 427.0 657.6 422.9 654.4 418.8 645.4 414.2 642.7 414.2 640.4 408.9 640.4 399.6 637.7 393.8 637.7 391.5 635.0 386.8 635.0 378.6 631.0 374.6 626.0 368.2 625.1 364.7 626.0 355.3 627.8 350.7 632.3 343.7 632.3 337.9 631.4 336.7 631.4 327.4 632.3 326.2 632.3 320.4 629.6 313.4 627.8 311.1 626.0 305.2 626.9 298.3 628.7 294.8 629.6 290.1 629.6 244.7 631.4 237.7 635.9 231.8 636.8 228.3 639.6 223.7 643.6 220.8 647.2 219.6 656.2 219.6 664.3 226.6 668.8 226.6 673.3 224.3 676.9 220.8 689.5 220.8 693.1 221.9 695.8 224.3 700.3 225.4 702.6 228.3 706.2 240.0 707.1 244.7 707.1 252.8 706.2 254.0 706.2 264.5 707.1 265.6 707.1 278.4 705.3 285.4 705.3 294.8 706.2 299.4 704.4 304.1 704.4 309.9 700.3 315.1 698.5 315.1 693.1 319.8 690.4 321.0 688.2 323.9 686.4 328.5 686.4 332.0 683.7 340.2 676.5 349.5 675.6 353.0 672.4 355.9 669.7 355.9 668.8 358.3 672.4 358.3 676.5 363.5 676.5 367.0 679.2 374.0 679.2 379.8 681.4 382.7 685.0 385.0 691.3 383.9 692.7 385.6 690.9 390.3 691.8 398.4 689.1 407.8 686.8 410.7 676.0 416.5 673.8 420.6 673.8 422.9 670.6 427.0 667.9 428.2
0 691.3 155.5 681.4 155.5 678.3 152.6 677.4 148.0 673.3 143.9 664.3 141.5 660.3 135.1 659.4 131.6 656.2 129.9 652.6 125.2 650.8 125.2 647.7 117.7 648.6 113.0 648.6 106.0 655.3 99.6 662.5 99.6 666.6 103.7 668.8 107.8 671.5 104.3 684.1 104.3 686.8 106.6 691.3 105.4 695.8 100.8 701.2 100.8 706.6 103.1 709.8 107.2 711.6 113.0 711.6 121.2 708.9 128.1 704.8 132.2 698.1 141.0 697.2 148.0 691.3 155.5
0 808.3 288.3 801.1 286.0 791.2 286.0 790.3 287.2 780.4 279.0 777.7 277.9 767.8 277.9 763.8 269.1 762.9 263.3 762.9 256.3 765.6 251.6 765.6 241.2 762.0 234.2 762.9 231.8 762.9 226.0 763.8 221.4 759.3 214.4 759.3 208.5 760.2 205.0 764.2 199.8 766.9 199.8 769.2 196.9 769.2 193.4 766.9 190.5 764.2 189.3 762.0 186.4 761.1 182.9 762.0 177.1 762.0 171.3 760.2 165.4 759.3 156.1 760.2 152.6 763.3 148.5 768.7 145.0 771.9 141.0 773.7 130.5 776.8 126.4 781.3 124.1 783.6 120.0 783.6 117.7 786.7 110.1 791.2 107.8 793.5 104.8 793.5 102.5 795.7 98.4 800.2 94.9 803.8 96.1 807.0 100.2 807.0 120.0 806.1 123.5 809.2 128.7 816.4 129.9 821.8 133.4 823.6 135.7 833.5 141.5 835.8 146.8 840.3 152.6 842.1 157.3 842.1 166.6 838.5 178.2 838.5 196.9 835.8 203.9 835.8 214.4 836.7 215.5 836.7 222.5 834.0 229.5 830.4 234.2 829.5 241.2 826.3 247.6 821.8 248.7 818.7 251.6 818.7 258.6 813.3 268.0 812.4 272.6 812.4 283.1 808.3 288.3
0 892.9 286.0 886.6 286.0 882.1 282.5 877.6 282.5 876.7 281.4 870.4 280.2 865.9 282.5 855.1 282.5 853.3 281.4 847.5 273.8 847.5 272.6 842.5 266.2 838.0 262.7 835.3 258.1 830.8 259.2 829.5 256.3 833.1 252.8 830.4 249.3 829.5 245.8 832.2 235.3 837.6 226.0 837.6 215.5 836.7 214.4 836.7 205.0 841.2 196.9 841.2 187.6 839.4 182.9 839.4 179.4 841.2 174.8 842.1 166.6 843.9 161.9 848.4 156.1 849.3 152.6 853.3 148.5 856.0 149.7 864.1 149.7 873.1 145.0 877.6 145.0 880.8 148.0 883.0 152.0 889.3 154.4 891.6 151.4 893.8 146.2 899.2 143.9 902.8 140.4 906.4 140.4 910.5 145.6 911.4 150.3 913.2 153.8 911.4 157.3 911.4 164.3 912.7 166.0 915.4 166.0 919.5 170.1 921.3 174.8 918.6 186.4 918.6 193.4 915.9 199.2 915.9 205.0 916.8 210.9 914.1 219.0 909.1 225.4 906.0 228.3 905.1 231.8 902.4 236.5 899.7 247.0 900.6 249.3 900.6 263.3 898.8 270.3 898.8 274.9 896.1 279.6 895.2 283.1 892.9 286.0
0 867.7 358.3 858.7 358.3 856.9 357.1 852.0 350.7 852.0 340.2 849.3 333.2 848.4 327.4 852.0 321.6 851.1 313.4 848.4 309.9 848.4 301.7 853.3 295.3 857.8 290.7 862.3 291.8 865.0 289.5 871.3 289.5 875.4 293.6 875.4 299.4 873.6 302.9 874.5 306.4 874.5 322.7 872.7 327.4 872.7 347.2 871.8 348.3 870.9 355.3 867.7 358.3
