0 507.7 294.4 503.3 291.7 497.7 289.6 497.6 285.8 496.1 282.5 491.2 278.5 487.9 273.0 485.3 267.2 487.3 264.8 489.8 258.2 488.9 249.3 490.7 244.7 493.0 241.3 489.7 237.3 488.0 231.9 491.4 225.7 495.1 221.7 493.7 216.9 496.5 209.5 499.2 205.1 498.8 200.7 494.9 193.9 494.8 188.5 496.6 183.8 504.7 179.4 508.3 175.4 514.1 172.8 519.1 173.6 526.6 176.5 531.4 175.1 540.8 178.6 540.9 182.4 542.4 185.7 547.1 187.4 548.4 186.8 556.8 190.0 560.3 189.2 567.1 185.4 572.4 188.4 574.4 193.0 575.7 199.3 578.2 201.3 580.2 205.8 580.7 210.3 577.5 218.7 576.2 219.3 573.0 227.7 573.6 229.0 570.2 235.2 566.9 238.2 567.1 240.5 565.3 245.1 561.3 250.0 558.2 258.4 556.2 260.9 548.4 264.4 545.5 266.5 548.2 270.7 547.3 275.7 543.7 279.7 539.8 281.4 537.0 288.9 531.4 293.8 527.9 294.6 523.8 294.1 516.3 291.3 507.7 294.4
0 330.5 -14.3 322.1 -17.5 321.5 -18.8 314.0 -21.6 313.1 -23.6 314.5 -27.3 314.0 -30.2 310.3 -31.6 307.9 -35.2 308.6 -37.0 312.5 -38.8 311.9 -41.6 309.8 -44.6 305.8 -45.1 293.6 -49.7 292.1 -51.3 291.9 -55.1 283.5 -66.8 287.7 -69.5 287.2 -72.4 281.8 -72.3 280.2 -77.7 281.2 -80.5 286.4 -82.9 287.4 -85.7 292.0 -87.7 295.1 -87.6 299.0 -89.3 304.6 -87.2 309.0 -87.7 313.4 -84.9 318.0 -90.1 322.3 -101.4 326.8 -105.0 330.1 -106.4 334.5 -106.9 342.0 -104.1 344.6 -98.3 346.4 -89.0 345.0 -85.3 344.8 -78.9 342.8 -76.5 344.2 -71.7 347.4 -64.6 351.0 -60.0 356.0 -59.2 364.7 -53.8 366.5 -51.5 365.7 -49.6 367.0 -41.7 364.5 -35.1 365.7 -32.5 363.9 -27.9 362.3 -26.3 355.8 -23.4 353.8 -21.0 350.6 -19.5 347.5 -19.7 344.2 -18.2 342.2 -15.7 339.0 -14.3 330.5 -14.3
0 288.0 -12.2 281.4 -14.7 277.8 -19.3 271.6 -22.7 270.3 -22.1 265.7 -23.9 263.2 -25.9 259.7 -25.1 256.9 -26.1 253.9 -29.4 250.7 -29.5 248.2 -31.5 241.7 -34.0 237.1 -39.0 236.4 -44.0 234.7 -47.9 235.1 -52.0 238.0 -59.5 242.3 -65.3 248.1 -67.9 251.3 -67.8 257.4 -69.8 264.3 -68.2 266.4 -65.3 271.6 -53.7 274.9 -48.2 278.2 -45.8 280.6 -40.7 283.7 -40.6 286.8 -38.9 284.5 -35.5 284.7 -33.2 288.0 -29.3 290.8 -28.3 292.3 -25.0 291.8 -20.9 295.6 -14.1 291.1 -12.1 288.0 -12.2
0 268.4 112.9 261.3 109.2 257.7 104.6 256.2 101.4 255.8 95.4 252.1 93.9 246.7 94.0 241.1 91.9 236.2 87.9 231.8 78.2 231.6 76.0 242.6 47.0 242.7 43.9 235.7 28.4 235.5 26.2 237.3 21.5 240.0 17.2 243.8 15.4 246.2 12.0 251.0 9.1 253.3 8.9 258.9 11.0 265.7 15.7 268.7 19.0 272.4 20.4 274.5 24.9 275.5 30.6 273.7 35.3 272.4 35.9 274.1 41.3 276.6 43.3 282.3 42.3 285.7 44.6 288.0 42.8 289.2 36.9 293.7 34.8 307.7 40.2 311.9 39.1 314.5 36.3 315.7 37.3 314.9 42.3 317.3 45.9 321.6 48.6 328.2 51.1 331.3 51.2 332.2 53.2 330.1 58.8 332.8 61.4 333.9 65.6 333.1 70.6 331.0 76.2 326.4 79.8 325.7 81.7 314.5 84.4 309.8 82.6 297.2 82.1 294.9 83.9 293.1 88.6 292.9 94.9 289.3 104.3 284.0 109.8 279.2 112.7 272.5 113.4 268.4 112.9
0 766.3 401.9 759.8 399.5 756.5 395.5 757.7 389.6 755.9 385.7 757.5 378.8 756.6 375.3 757.7 372.5 756.9 369.0 757.7 363.9 756.6 359.8 751.7 355.8 747.6 355.3 742.0 353.2 740.5 351.5 737.9 345.7 738.7 340.7 740.8 335.1 740.3 333.8 742.0 329.1 743.3 328.5 745.1 323.9 746.4 323.3 750.6 312.1 754.3 308.1 760.1 305.5 762.3 305.3 769.8 308.1 777.5 304.6 783.0 302.9 783.3 302.0 794.3 297.0 800.2 298.2 803.2 303.1 801.9 312.2 803.3 317.0 800.8 323.6 798.1 327.9 797.3 332.9 798.0 339.6 799.4 342.8 803.4 346.5 806.2 347.5 807.6 350.7 806.1 357.6 803.7 361.0 799.5 363.7 797.7 368.4 796.5 369.0 794.7 373.6 792.7 376.1 789.5 377.6 787.6 376.8 784.4 378.3 782.4 380.7 779.5 388.2 778.3 388.8 775.4 396.3 769.2 401.4 766.3 401.9
0 807.9 408.0 802.0 403.7 794.8 394.5 792.8 390.0 794.9 384.4 795.1 378.1 796.6 374.4 801.5 369.8 802.3 364.8 807.9 359.9 811.3 362.3 817.8 364.8 822.6 363.4 826.7 363.9 828.5 366.1 829.0 370.6 832.8 377.4 828.9 387.7 829.5 389.0 824.6 402.1 822.6 404.5 814.2 408.3 807.9 408.0
0 908.0 437.4 905.1 430.9 903.8 429.9 910.2 413.1 912.2 410.6 916.4 409.5 919.9 407.2 922.3 403.8 925.2 403.3 938.0 397.4 942.5 397.0 944.8 395.2 947.5 390.9 951.1 388.5 956.5 388.4 960.2 389.8 962.5 394.9 965.6 398.2 969.9 400.9 976.5 408.8 979.7 415.9 977.2 422.4 973.6 426.4 969.8 433.5 965.3 437.1 958.8 440.0 955.2 444.0 947.1 446.9 942.7 447.3 938.4 444.6 930.9 441.8 926.9 438.1 920.6 437.9 915.9 436.1 913.8 433.2 912.2 433.1 911.8 437.2 908.0 437.4
1 710.7 257.9 706.0 256.2 705.5 253.3 708.4 245.8 707.8 244.5 712.4 232.4 712.9 228.3 720.5 219.4 724.6 218.3 727.4 220.9 719.6 241.5 720.2 242.8 717.4 250.3 714.6 254.6 710.7 257.9
1 718.6 259.8 716.7 259.1 716.2 256.2 719.4 254.8 720.8 258.0 718.6 259.8
0 586.4 352.0 585.8 350.7 581.1 348.9 577.8 345.0 578.1 344.1 574.6 336.3 574.4 327.1 568.8 325.0 568.2 323.7 563.5 322.0 560.5 318.7 557.3 311.6 557.5 305.3 560.6 300.0 564.6 295.1 562.6 290.6 560.1 288.6 558.1 284.1 558.0 278.7 560.8 271.2 565.7 266.7 566.8 263.9 564.8 257.8 563.8 252.0 567.7 241.7 571.0 238.7 578.1 235.5 588.5 236.2 592.2 237.7 595.8 235.3 596.5 233.4 592.3 227.5 591.9 223.1 594.7 215.6 593.6 211.4 586.1 208.6 584.0 205.7 579.6 196.0 579.5 190.6 582.7 182.2 586.7 177.3 592.5 174.7 600.1 174.4 602.0 175.1 604.3 173.3 607.5 164.8 614.4 157.8 620.2 155.2 625.6 155.1 634.0 158.3 636.5 160.3 642.1 169.4 642.9 174.5 646.7 172.8 653.0 173.0 657.7 174.8 659.0 174.2 663.7 176.0 667.7 179.6 670.8 186.7 672.2 191.5 672.3 196.9 670.2 202.5 671.7 205.7 676.8 211.9 679.4 217.7 679.5 231.7 677.0 238.2 675.0 240.7 669.2 243.3 665.4 243.4 664.2 249.4 664.7 253.9 663.1 260.8 661.8 261.3 660.1 266.0 658.1 268.5 647.0 276.6 641.9 277.3 638.5 283.5 638.6 288.9 637.5 291.7 638.2 298.4 633.6 310.5 630.3 313.6 629.4 321.8 624.4 334.8 619.1 340.3 614.6 342.4 606.6 343.6 600.8 346.2 597.5 349.3 593.0 351.3 586.4 352.0
0 648.3 425.7 640.8 422.9 639.3 421.2 639.1 417.4 637.1 412.9 629.1 405.6 626.3 404.6 625.6 399.5 628.4 392.0 627.4 386.2 628.1 384.4 626.7 379.6 629.2 373.0 626.2 368.2 623.0 361.1 623.2 357.9 626.9 350.8 630.2 347.7 637.0 343.9 638.8 339.2 638.2 337.9 641.0 330.5 642.3 329.9 644.1 325.2 643.4 318.5 642.2 315.9 642.1 310.6 645.2 305.3 648.1 303.2 650.5 299.8 664.3 263.3 668.3 258.4 674.7 255.5 676.7 253.1 681.0 250.4 686.0 249.7 690.1 250.1 699.5 253.7 705.8 262.5 710.5 264.2 715.8 264.1 720.6 262.8 733.7 267.7 737.1 270.1 739.2 273.0 743.5 275.7 745.0 278.9 745.2 289.7 744.7 293.8 742.2 300.3 741.0 300.9 737.8 309.3 738.4 310.6 734.5 320.9 730.5 325.8 727.6 333.3 727.1 337.4 723.9 340.4 722.1 345.1 716.3 347.7 714.4 347.0 707.4 348.6 704.2 348.5 701.0 349.9 697.7 353.0 696.7 355.8 691.4 361.3 681.1 365.9 679.1 368.4 674.9 369.5 672.1 368.4 670.5 369.9 674.2 371.3 676.8 377.1 675.8 379.9 676.4 386.6 674.7 391.3 676.1 394.5 679.2 397.8 686.1 399.4 686.9 401.3 683.6 404.3 682.1 411.2 676.5 417.6 673.2 419.1 660.2 419.5 656.7 421.9 656.0 423.8 651.4 425.8 648.3 425.7
0 755.4 216.0 745.2 212.2 742.8 208.6 743.2 204.5 740.3 199.6 731.6 194.2 729.4 187.5 729.5 184.3 726.8 181.7 724.4 176.5 722.6 175.8 721.6 168.5 723.9 165.1 726.1 159.5 735.0 157.0 742.5 159.8 745.5 164.7 746.6 168.8 750.4 167.1 763.5 172.1 765.6 175.0 770.7 175.8 776.8 173.9 782.4 176.0 787.3 180.0 789.3 184.5 789.4 189.9 786.9 196.4 782.0 201.0 776.5 202.6 766.9 207.0 763.8 212.3 755.4 216.0
0 836.7 368.7 829.9 364.0 819.6 360.1 818.3 360.7 810.5 350.2 808.0 348.2 797.8 344.3 796.2 335.7 797.0 330.7 799.2 325.1 803.4 322.4 806.6 314.0 805.0 307.0 806.6 305.4 808.4 300.8 810.7 297.4 808.2 290.0 809.9 285.3 811.9 282.9 817.7 280.3 820.5 281.3 823.8 279.9 824.8 277.1 823.4 273.8 820.9 271.8 819.5 268.6 819.6 265.5 822.3 261.1 824.1 256.5 824.0 251.1 825.9 243.2 827.9 240.8 832.4 238.8 839.1 238.1 843.6 236.0 848.6 228.3 853.1 226.3 858.5 226.2 862.1 223.8 862.8 221.9 868.4 217.1 873.8 217.0 877.0 215.5 877.7 213.7 881.3 211.3 887.0 210.2 890.4 212.6 892.4 217.1 886.4 233.0 884.4 235.5 886.1 240.9 893.2 244.7 897.8 249.6 898.9 252.2 907.5 260.8 908.2 265.8 911.1 272.3 911.6 276.7 908.7 284.2 901.4 292.2 895.8 307.1 890.9 311.7 887.7 320.1 888.2 321.4 886.1 327.0 881.2 331.5 876.0 333.9 873.0 339.1 867.8 343.0 862.7 342.2 858.6 343.3 856.4 348.9 848.0 354.3 845.6 357.7 842.5 366.1 836.7 368.7
0 925.3 400.1 918.7 397.6 915.1 393.0 910.4 391.3 909.9 390.0 903.7 386.6 898.3 386.7 887.1 382.4 885.5 380.8 881.8 372.4 882.1 371.5 878.9 364.4 875.3 359.8 873.9 355.0 868.9 354.2 868.4 351.3 873.2 349.9 871.4 346.0 871.6 342.9 877.6 335.5 886.0 330.2 889.2 321.7 888.6 320.4 891.4 313.0 898.6 308.2 901.4 300.7 901.0 296.3 902.0 293.5 905.3 290.4 908.7 284.2 912.0 281.2 918.5 278.3 920.5 275.8 925.9 274.2 928.4 276.2 936.8 279.3 947.5 279.1 952.2 280.9 954.6 284.5 955.7 288.6 961.5 293.0 964.8 291.5 968.7 288.2 975.0 288.5 979.8 287.1 983.6 288.5 986.2 294.3 985.7 298.4 986.5 301.9 983.6 304.0 981.4 309.6 982.3 311.5 985.1 312.6 988.1 317.5 988.6 321.9 982.2 330.2 980.1 335.8 975.5 339.4 973.7 344.1 972.9 349.1 967.6 354.6 960.5 357.8 956.4 358.9 954.4 361.4 950.1 364.1 944.2 371.4 944.4 373.6 940.1 384.9 936.1 389.8 934.7 393.5 930.5 396.2 928.5 398.6 925.3 400.1
0 877.1 448.2 867.8 444.6 866.3 443.0 863.1 435.9 866.3 427.5 865.6 420.8 866.4 415.8 871.9 412.5 873.5 405.6 871.7 401.7 874.2 395.2 881.3 392.0 887.4 390.0 891.7 392.7 895.2 391.9 901.8 394.4 904.7 399.3 903.0 403.9 900.0 406.0 899.9 409.2 895.0 422.3 891.7 425.3 885.7 441.2 884.4 441.8 881.3 447.1 877.1 448.2
