0 364.0 301.5 358.0 300.5 353.5 297.0 353.5 293.0 355.5 287.0 359.5 281.0 360.5 275.0 363.5 272.0 363.5 266.0 361.5 261.0 362.5 255.0 367.0 250.5 372.0 253.5 382.5 243.0 382.5 236.0 388.0 231.5 395.0 231.5 399.5 236.0 400.5 242.0 403.5 246.0 403.5 249.0 399.5 253.0 399.5 258.0 396.5 261.0 393.5 267.0 393.5 269.0 391.0 271.5 386.0 272.5 384.5 274.0 383.5 279.0 379.5 289.0 376.5 292.0 375.5 297.0 374.0 298.5 371.0 298.5 368.0 300.5 364.0 301.5
0 396.0 306.5 394.0 305.5 382.0 305.5 375.5 302.0 375.5 299.0 377.0 298.5 380.0 294.5 383.0 293.5 385.5 291.0 387.5 287.0 391.0 283.5 397.5 281.0 398.5 273.0 399.5 271.0 408.5 260.0 409.5 255.0 412.5 252.0 413.5 246.0 416.5 242.0 418.5 236.0 424.0 233.5 430.0 234.5 433.5 238.0 433.5 242.0 437.0 245.5 442.0 246.5 443.5 244.0 449.0 238.5 453.0 236.5 459.0 236.5 462.0 237.5 465.5 241.0 467.5 248.0 465.5 252.0 465.5 257.0 470.0 258.5 473.5 261.0 474.5 265.0 477.0 268.5 487.0 270.5 493.5 276.0 495.5 281.0 495.5 287.0 493.5 292.0 491.0 294.5 488.0 295.5 481.0 295.5 477.0 293.5 470.0 292.5 467.0 290.5 463.0 294.5 458.0 296.5 455.0 295.5 449.0 295.5 440.0 289.5 428.0 289.5 423.5 292.0 423.5 297.0 422.0 299.5 420.5 299.0 421.5 291.0 417.0 287.5 404.0 287.5 398.5 292.0 400.5 303.0 396.0 306.5
0 417.0 353.5 413.0 352.5 404.0 348.5 402.0 346.5 400.0 347.5 388.0 347.5 385.0 346.5 382.0 343.5 371.0 343.5 362.0 339.5 359.5 336.0 360.5 331.0 359.5 330.0 359.5 325.0 363.0 318.5 369.0 313.5 374.0 313.5 375.0 314.5 382.0 314.5 388.0 309.5 397.0 309.5 399.0 311.5 404.0 312.5 409.0 312.5 417.0 315.5 420.0 318.5 425.0 319.5 433.0 319.5 437.0 322.5 444.0 325.5 448.5 330.0 450.5 335.0 450.5 340.0 448.5 344.0 442.0 348.5 432.0 348.5 427.0 349.5 424.0 351.5 417.0 353.5
0 1005.0 301.5 1000.0 301.5 995.0 299.5 992.5 297.0 994.5 292.0 994.5 289.0 998.5 283.0 999.5 276.0 1004.5 271.0 1004.5 267.0 1001.5 261.0 1002.5 254.0 1006.0 250.5 1013.0 251.5 1018.0 246.5 1025.0 243.5 1025.5 242.0 1022.5 237.0 1025.0 233.5 1028.0 231.5 1036.0 231.5 1039.5 236.0 1039.5 243.0 1036.5 246.0 1037.5 254.0 1038.5 255.0 1037.5 261.0 1032.0 270.5 1026.0 272.5 1024.5 275.0 1024.5 278.0 1018.5 290.0 1015.5 294.0 1015.5 296.0 1012.0 297.5 1008.0 300.5 1005.0 301.5
0 1038.0 305.5 1031.0 305.5 1030.0 304.5 1020.0 304.5 1017.0 303.5 1015.5 300.0 1020.0 294.5 1024.0 293.5 1028.5 286.0 1033.0 282.5 1036.0 282.5 1038.5 281.0 1038.5 275.0 1039.5 272.0 1042.5 269.0 1044.5 265.0 1048.0 261.5 1048.5 256.0 1052.5 250.0 1052.5 247.0 1057.5 239.0 1057.5 237.0 1060.0 234.5 1063.0 233.5 1068.0 233.5 1072.0 235.5 1073.5 238.0 1072.5 243.0 1073.5 246.0 1076.0 247.5 1081.0 247.5 1083.5 244.0 1090.0 237.5 1093.0 236.5 1098.0 236.5 1102.0 237.5 1105.5 241.0 1107.5 245.0 1107.5 248.0 1105.5 252.0 1105.0 257.5 1112.0 259.5 1114.5 263.0 1114.5 266.0 1118.0 269.5 1123.0 269.5 1131.0 273.5 1134.5 277.0 1135.5 280.0 1135.5 289.0 1133.5 293.0 1131.0 295.5 1122.0 295.5 1115.0 292.5 1110.0 291.5 1107.0 289.5 1102.0 294.5 1093.0 294.5 1088.0 291.5 1076.0 288.5 1075.0 289.5 1064.0 289.5 1062.0 290.5 1058.0 287.5 1053.0 287.5 1052.0 286.5 1045.0 286.5 1043.0 287.5 1038.5 292.0 1040.5 299.0 1042.5 302.0 1038.0 305.5
0 1061.0 300.5 1059.5 299.0 1059.5 295.0 1062.0 292.5 1063.5 294.0 1063.5 298.0 1061.0 300.5
0 1049.0 302.5 1045.0 302.5 1048.0 300.5 1049.0 302.5
0 1058.0 353.5 1052.0 352.5 1049.0 350.5 1045.0 349.5 1042.0 346.5 1037.0 348.5 1034.0 347.5 1028.0 347.5 1025.0 346.5 1022.0 343.5 1011.0 343.5 1006.0 340.5 1001.5 339.0 1000.5 337.0 1000.5 329.0 999.5 328.0 1000.5 322.0 1007.0 315.5 1010.0 314.5 1018.0 316.5 1022.0 316.5 1027.0 311.5 1033.0 310.5 1036.0 312.5 1047.0 312.5 1055.0 314.5 1058.0 317.5 1063.0 319.5 1072.0 319.5 1077.0 322.5 1084.0 325.5 1089.5 331.0 1090.5 334.0 1090.5 341.0 1087.0 345.5 1081.0 348.5 1076.0 349.5 1072.0 348.5 1067.0 349.5 1064.0 351.5 1058.0 353.5
0 828.0 532.5 825.0 531.5 821.5 528.0 822.5 521.0 817.5 515.0 817.5 509.0 822.5 503.0 822.5 500.0 820.5 497.0 820.5 492.0 822.0 490.5 833.0 485.5 836.5 481.0 837.5 473.0 835.5 464.0 832.5 457.0 832.5 451.0 830.5 446.0 830.5 438.0 836.5 433.0 837.5 427.0 841.0 423.5 846.0 423.5 850.5 427.0 852.5 433.0 855.0 436.5 860.0 438.5 865.0 439.5 868.5 443.0 868.5 447.0 866.5 452.0 869.5 457.0 869.5 463.0 868.5 464.0 868.5 471.0 865.5 477.0 866.5 481.0 864.0 482.5 861.5 486.0 861.5 494.0 863.5 498.0 860.0 504.5 855.5 507.0 855.5 512.0 856.5 517.0 854.0 518.5 848.5 524.0 848.5 526.0 845.0 528.5 839.0 528.5 834.0 529.5 828.0 532.5
0 188.0 533.5 184.0 531.5 180.5 528.0 181.5 523.0 180.5 519.0 176.5 513.0 178.5 507.0 181.5 503.0 179.5 492.0 182.0 489.5 186.0 489.5 196.5 482.0 197.5 479.0 197.5 470.0 194.5 462.0 194.5 457.0 190.5 449.0 190.5 438.0 195.5 433.0 197.5 426.0 201.0 423.5 206.0 423.5 209.5 426.0 210.5 433.0 213.0 435.5 215.0 435.5 223.0 439.5 225.0 439.5 227.5 442.0 228.5 448.0 227.5 453.0 229.5 456.0 229.5 466.0 228.5 469.0 229.5 471.0 228.5 474.0 225.5 477.0 225.5 482.0 221.5 487.0 222.5 490.0 222.5 499.0 220.5 503.0 215.5 506.0 215.5 509.0 217.5 511.0 217.5 515.0 215.5 519.0 210.5 523.0 207.0 527.5 203.0 529.5 198.0 529.5 194.0 530.5 188.0 533.5
1 338.0 416.5 335.0 416.5 332.5 410.0 332.5 384.0 331.5 379.0 335.5 367.0 337.0 365.5 339.5 367.0 339.5 375.0 338.5 376.0 338.5 410.0 339.5 411.0 338.0 416.5
1 978.0 416.5 976.0 416.5 972.5 410.0 972.5 387.0 971.5 386.0 971.5 365.0 973.0 363.5 979.5 367.0 979.5 376.0 978.5 377.0 978.5 386.0 979.5 387.0 979.5 414.0 978.0 416.5
1 838.0 423.5 837.5 423.0 837.5 405.0 838.5 402.0 836.5 399.0 836.5 392.0 837.5 388.0 842.0 381.5 846.5 386.0 846.5 391.0 842.5 396.0 842.5 422.0 838.0 423.5
1 203.0 422.5 197.5 422.0 197.5 408.0 198.5 407.0 198.5 393.0 199.5 389.0 202.0 385.5 204.5 389.0 202.5 395.0 202.5 400.0 203.5 401.0 203.5 413.0 202.5 414.0 203.0 422.5
1 431.0 232.5 428.0 232.5 426.5 230.0 426.5 219.0 427.5 218.0 427.5 210.0 428.5 209.0 428.5 201.0 427.5 200.0 426.5 192.0 431.0 189.5 433.0 190.5 435.5 194.0 436.5 198.0 435.5 199.0 435.5 212.0 436.5 213.0 436.5 227.0 431.0 232.5
1 1073.0 231.5 1070.0 231.5 1067.5 228.0 1067.5 220.0 1066.5 219.0 1066.5 209.0 1067.5 205.0 1066.5 204.0 1066.5 193.0 1068.0 190.5 1072.0 190.5 1074.5 193.0 1076.5 198.0 1075.5 199.0 1075.5 212.0 1076.5 213.0 1076.5 218.0 1077.5 219.0 1077.5 226.0 1073.0 231.5
0 964.0 418.5 961.0 418.5 959.5 417.0 961.0 414.5 964.0 414.5 967.5 416.0 964.0 418.5
0 992.0 617.5 986.0 617.5 981.0 613.5 970.0 613.5 968.0 612.5 964.0 607.5 958.5 602.0 957.5 598.0 954.5 593.0 953.5 588.0 948.0 582.5 943.0 581.5 939.5 588.0 938.0 592.5 929.0 588.5 920.5 580.0 919.5 577.0 919.5 568.0 914.0 564.5 910.0 563.5 904.5 558.0 904.5 547.0 906.5 543.0 913.5 536.0 910.0 534.5 903.5 528.0 902.5 526.0 902.5 520.0 903.5 519.0 905.5 511.0 909.5 507.0 911.5 503.0 911.5 499.0 906.5 496.0 906.5 491.0 908.5 485.0 910.5 482.0 910.5 477.0 911.5 476.0 911.5 466.0 912.5 463.0 916.0 459.5 920.5 457.0 920.5 451.0 924.5 444.0 928.0 440.5 933.0 439.5 936.0 437.5 943.0 435.5 948.0 435.5 957.0 438.5 959.5 441.0 962.5 447.0 963.0 453.5 972.0 453.5 977.0 458.5 981.0 458.5 987.0 455.5 990.5 452.0 990.5 449.0 993.0 446.5 996.5 445.0 998.5 440.0 998.5 436.0 1000.5 432.0 1000.5 428.0 1006.0 420.5 1010.0 418.5 1018.0 418.5 1022.0 419.5 1026.5 423.0 1028.5 427.0 1028.5 435.0 1027.5 437.0 1032.0 439.5 1036.0 439.5 1041.0 441.5 1046.5 447.0 1047.5 455.0 1043.5 463.0 1047.5 467.0 1049.5 471.0 1049.5 480.0 1046.0 484.5 1041.5 487.0 1041.5 496.0 1046.5 505.0 1047.5 509.0 1047.5 518.0 1046.5 520.0 1042.0 524.5 1038.0 525.5 1034.5 529.0 1034.5 532.0 1032.5 536.0 1026.0 540.5 1020.0 540.5 1017.5 542.0 1017.5 547.0 1020.5 551.0 1021.5 555.0 1024.0 556.5 1030.5 563.0 1031.5 567.0 1031.5 573.0 1029.5 578.0 1026.0 581.5 1023.0 582.5 1019.5 587.0 1020.5 590.0 1020.5 597.0 1018.5 602.0 1013.0 606.5 1005.0 606.5 1002.0 605.5 1000.5 607.0 998.5 612.0 994.0 616.5 992.0 617.5
0 325.0 418.5 320.0 418.5 318.5 416.0 321.0 413.5 325.0 413.5 328.5 416.0 325.0 418.5
0 352.0 617.5 347.0 617.5 341.0 613.5 331.0 613.5 329.0 612.5 318.5 602.0 317.5 595.0 315.5 591.0 316.5 590.0 316.5 583.0 309.0 583.5 307.0 582.5 303.0 583.5 301.5 585.0 298.0 591.5 292.0 590.5 287.0 587.5 280.5 581.0 279.5 579.0 279.5 570.0 277.0 566.5 270.0 563.5 264.5 558.0 264.5 549.0 266.5 544.0 271.0 538.5 274.5 536.0 270.0 533.5 264.5 528.0 262.5 522.0 265.5 516.0 265.5 514.0 270.5 509.0 272.5 504.0 272.5 497.0 274.5 492.0 273.5 488.0 273.5 482.0 271.5 479.0 271.5 473.0 272.5 472.0 272.5 467.0 274.5 463.0 279.0 458.5 282.5 456.0 282.5 448.0 287.0 441.5 291.0 440.5 294.0 438.5 299.0 437.5 303.0 435.5 309.0 435.5 317.0 438.5 322.5 446.0 322.5 449.0 324.0 451.5 333.0 453.5 338.0 458.5 342.0 458.5 347.0 455.5 350.5 452.0 350.5 448.0 353.0 445.5 356.0 444.5 358.5 440.0 358.5 435.0 360.5 431.0 361.5 425.0 366.0 420.5 370.0 418.5 379.0 418.5 382.0 419.5 386.5 423.0 388.5 427.0 388.5 438.0 391.0 439.5 395.0 439.5 403.0 442.5 405.5 445.0 407.5 450.0 407.5 456.0 406.5 459.0 403.5 463.0 408.5 468.0 410.5 474.0 410.5 478.0 408.5 483.0 406.0 485.5 404.0 485.5 401.5 488.0 401.5 496.0 402.5 497.0 407.5 508.0 407.5 518.0 406.5 520.0 402.0 524.5 398.0 525.5 394.5 530.0 394.5 533.0 392.5 536.0 387.0 540.5 382.0 540.5 377.5 543.0 377.5 547.0 379.5 550.0 380.5 554.0 384.0 557.5 388.0 559.5 390.5 563.0 391.5 567.0 391.5 573.0 390.5 577.0 387.0 580.5 384.0 581.5 380.5 585.0 379.5 589.0 380.5 590.0 380.5 597.0 378.5 602.0 373.0 606.5 365.0 606.5 362.0 605.5 358.5 613.0 356.0 615.5 352.0 617.5
0 918.0 460.5 911.0 460.5 909.5 459.0 910.5 455.0 915.0 450.5 921.0 450.5 922.5 452.0 922.5 457.0 918.0 460.5
0 938.0 601.5 921.0 601.5 918.0 599.5 912.0 597.5 909.5 595.0 907.5 591.0 907.5 587.0 902.0 584.5 900.5 580.0 898.0 576.5 896.0 575.5 891.0 575.5 887.5 572.0 885.5 568.0 883.0 565.5 875.0 563.5 868.0 556.5 855.0 556.5 850.5 553.0 849.5 549.0 851.5 541.0 855.0 538.5 856.5 536.0 854.5 533.0 853.5 527.0 857.5 524.0 857.5 517.0 855.5 513.0 855.5 508.0 856.5 506.0 862.0 503.5 864.5 501.0 861.5 493.0 861.5 488.0 862.5 486.0 868.5 481.0 868.5 478.0 872.0 473.5 874.0 473.5 879.0 470.5 883.0 469.5 891.0 469.5 893.0 468.5 899.0 462.5 905.0 461.5 909.5 466.0 911.5 473.0 909.5 480.0 907.0 481.5 903.5 486.0 904.5 490.0 904.5 497.0 901.5 500.0 901.5 507.0 904.5 510.0 903.5 514.0 903.5 519.0 905.5 523.0 906.5 528.0 910.5 532.0 910.5 536.0 908.5 538.0 908.5 541.0 904.5 547.0 904.5 556.0 905.5 558.0 913.0 565.5 916.0 566.5 919.5 570.0 919.5 579.0 920.5 582.0 929.0 589.5 936.0 590.5 939.5 594.0 939.5 598.0 938.0 601.5
0 278.0 460.5 273.0 460.5 269.5 457.0 275.0 450.5 281.0 450.5 282.5 452.0 282.5 457.0 278.0 460.5
0 296.0 603.5 290.0 603.5 287.0 601.5 282.0 602.5 275.0 599.5 268.5 594.0 267.5 587.0 262.0 584.5 257.0 576.5 251.0 575.5 247.5 572.0 246.5 569.0 242.0 565.5 237.0 564.5 232.5 561.0 232.5 560.0 228.0 556.5 215.0 556.5 210.5 553.0 209.5 546.0 211.5 541.0 216.5 536.0 212.5 530.0 212.5 526.0 216.5 523.0 217.5 517.0 216.5 516.0 216.5 509.0 220.0 507.5 228.5 502.0 222.5 495.0 222.5 487.0 229.5 481.0 230.5 476.0 236.0 471.5 241.0 469.5 250.0 469.5 252.0 468.5 257.0 463.5 263.0 460.5 268.5 465.0 271.5 473.0 270.5 474.0 270.5 479.0 265.5 486.0 265.5 489.0 267.5 492.0 267.5 498.0 269.5 501.0 265.5 507.0 265.5 511.0 263.5 515.0 263.5 524.0 265.5 531.0 270.5 536.0 268.5 542.0 265.5 545.0 264.5 548.0 264.5 554.0 266.5 559.0 271.0 563.5 278.0 566.5 280.5 570.0 280.5 579.0 281.5 581.0 287.0 586.5 292.0 589.5 296.0 589.5 299.5 593.0 300.5 600.0 296.0 603.5
0 271.0 495.5 268.5 493.0 271.5 492.0 271.0 495.5
