0 364.0 418.5 358.0 419.5 353.5 423.0 353.5 427.0 355.5 433.0 359.5 439.0 360.5 445.0 363.5 448.0 363.5 454.0 361.5 459.0 362.5 465.0 367.0 469.5 372.0 466.5 382.5 477.0 382.5 484.0 388.0 488.5 395.0 488.5 399.5 484.0 400.5 478.0 403.5 474.0 403.5 471.0 399.5 467.0 399.5 462.0 396.5 459.0 393.5 453.0 393.5 451.0 391.0 448.5 386.0 447.5 384.5 446.0 383.5 441.0 379.5 431.0 376.5 428.0 375.5 423.0 374.0 421.5 371.0 421.5 368.0 419.5 364.0 418.5
0 396.0 413.5 394.0 414.5 382.0 414.5 375.5 418.0 375.5 421.0 377.0 421.5 380.0 425.5 383.0 426.5 385.5 429.0 387.5 433.0 391.0 436.5 397.5 439.0 398.5 447.0 399.5 449.0 408.5 460.0 409.5 465.0 412.5 468.0 413.5 474.0 416.5 478.0 418.5 484.0 424.0 486.5 430.0 485.5 433.5 482.0 433.5 478.0 437.0 474.5 442.0 473.5 443.5 476.0 449.0 481.5 453.0 483.5 459.0 483.5 462.0 482.5 465.5 479.0 467.5 472.0 465.5 468.0 465.5 463.0 470.0 461.5 473.5 459.0 474.5 455.0 477.0 451.5 487.0 449.5 493.5 444.0 495.5 439.0 495.5 433.0 493.5 428.0 491.0 425.5 488.0 424.5 481.0 424.5 477.0 426.5 470.0 427.5 467.0 429.5 463.0 425.5 458.0 423.5 455.0 424.5 449.0 424.5 440.0 430.5 428.0 430.5 423.5 428.0 423.5 423.0 422.0 420.5 420.5 421.0 421.5 429.0 417.0 432.5 404.0 432.5 398.5 428.0 400.5 417.0 396.0 413.5
0 417.0 366.5 413.0 367.5 404.0 371.5 402.0 373.5 400.0 372.5 388.0 372.5 385.0 373.5 382.0 376.5 371.0 376.5 362.0 380.5 359.5 384.0 360.5 389.0 359.5 390.0 359.5 395.0 363.0 401.5 369.0 406.5 374.0 406.5 375.0 405.5 382.0 405.5 388.0 410.5 397.0 410.5 399.0 408.5 404.0 407.5 409.0 407.5 417.0 404.5 420.0 401.5 425.0 400.5 433.0 400.5 437.0 397.5 444.0 394.5 448.5 390.0 450.5 385.0 450.5 380.0 448.5 376.0 442.0 371.5 432.0 371.5 427.0 370.5 424.0 368.5 417.0 366.5
0 1005.0 418.5 1000.0 418.5 995.0 420.5 992.5 423.0 994.5 428.0 994.5 431.0 998.5 437.0 999.5 444.0 1004.5 449.0 1004.5 453.0 1001.5 459.0 1002.5 466.0 1006.0 469.5 1013.0 468.5 1018.0 473.5 1025.0 476.5 1025.5 478.0 1022.5 483.0 1025.0 486.5 1028.0 488.5 1036.0 488.5 1039.5 484.0 1039.5 477.0 1036.5 474.0 1037.5 466.0 1038.5 465.0 1037.5 459.0 1032.0 449.5 1026.0 447.5 1024.5 445.0 1024.5 442.0 1018.5 430.0 1015.5 426.0 1015.5 424.0 1012.0 422.5 1008.0 419.5 1005.0 418.5
0 1038.0 414.5 1031.0 414.5 1030.0 415.5 1020.0 415.5 1017.0 416.5 1015.5 420.0 1020.0 425.5 1024.0 426.5 1028.5 434.0 1033.0 437.5 1036.0 437.5 1038.5 439.0 1038.5 445.0 1039.5 448.0 1042.5 451.0 1044.5 455.0 1048.0 458.5 1048.5 464.0 1052.5 470.0 1052.5 473.0 1057.5 481.0 1057.5 483.0 1060.0 485.5 1063.0 486.5 1068.0 486.5 1072.0 484.5 1073.5 482.0 1072.5 477.0 1073.5 474.0 1076.0 472.5 1081.0 472.5 1083.5 476.0 1090.0 482.5 1093.0 483.5 1098.0 483.5 1102.0 482.5 1105.5 479.0 1107.5 475.0 1107.5 472.0 1105.5 468.0 1105.0 462.5 1112.0 460.5 1114.5 457.0 1114.5 454.0 1118.0 450.5 1123.0 450.5 1131.0 446.5 1134.5 443.0 1135.5 440.0 1135.5 431.0 1133.5 427.0 1131.0 424.5 1122.0 424.5 1115.0 427.5 1110.0 428.5 1107.0 430.5 1102.0 425.5 1093.0 425.5 1088.0 428.5 1076.0 431.5 1075.0 430.5 1064.0 430.5 1062.0 429.5 1058.0 432.5 1053.0 432.5 1052.0 433.5 1045.0 433.5 1043.0 432.5 1038.5 428.0 1040.5 421.0 1042.5 418.0 1038.0 414.5
0 1061.0 419.5 1059.5 421.0 1059.5 425.0 1062.0 427.5 1063.5 426.0 1063.5 422.0 1061.0 419.5
0 1049.0 417.5 1045.0 417.5 1048.0 419.5 1049.0 417.5
0 1058.0 366.5 1052.0 367.5 1049.0 369.5 1045.0 370.5 1042.0 373.5 1037.0 371.5 1034.0 372.5 1028.0 372.5 1025.0 373.5 1022.0 376.5 1011.0 376.5 1006.0 379.5 1001.5 381.0 1000.5 383.0 1000.5 391.0 999.5 392.0 1000.5 398.0 1007.0 404.5 1010.0 405.5 1018.0 403.5 1022.0 403.5 1027.0 408.5 1033.0 409.5 1036.0 407.5 1047.0 407.5 1055.0 405.5 1058.0 402.5 1063.0 400.5 1072.0 400.5 1077.0 397.5 1084.0 394.5 1089.5 389.0 1090.5 386.0 1090.5 379.0 1087.0 374.5 1081.0 371.5 1076.0 370.5 1072.0 371.5 1067.0 370.5 1064.0 368.5 1058.0 366.5
0 828.0 187.5 825.0 188.5 821.5 192.0 822.5 199.0 817.5 205.0 817.5 211.0 822.5 217.0 822.5 220.0 820.5 223.0 820.5 228.0 822.0 229.5 833.0 234.5 836.5 239.0 837.5 247.0 835.5 256.0 832.5 263.0 832.5 269.0 830.5 274.0 830.5 282.0 836.5 287.0 837.5 293.0 841.0 296.5 846.0 296.5 850.5 293.0 852.5 287.0 855.0 283.5 860.0 281.5 865.0 280.5 868.5 277.0 868.5 273.0 866.5 268.0 869.5 263.0 869.5 257.0 868.5 256.0 868.5 249.0 865.5 243.0 866.5 239.0 864.0 237.5 861.5 234.0 861.5 226.0 863.5 222.0 860.0 215.5 855.5 213.0 855.5 208.0 856.5 203.0 854.0 201.5 848.5 196.0 848.5 194.0 845.0 191.5 839.0 191.5 834.0 190.5 828.0 187.5
0 188.0 186.5 184.0 188.5 180.5 192.0 181.5 197.0 180.5 201.0 176.5 207.0 178.5 213.0 181.5 217.0 179.5 228.0 182.0 230.5 186.0 230.5 196.5 238.0 197.5 241.0 197.5 250.0 194.5 258.0 194.5 263.0 190.5 271.0 190.5 282.0 195.5 287.0 197.5 294.0 201.0 296.5 206.0 296.5 209.5 294.0 210.5 287.0 213.0 284.5 215.0 284.5 223.0 280.5 225.0 280.5 227.5 278.0 228.5 272.0 227.5 267.0 229.5 264.0 229.5 254.0 228.5 251.0 229.5 249.0 228.5 246.0 225.5 243.0 225.5 238.0 221.5 233.0 222.5 230.0 222.5 221.0 220.5 217.0 215.5 214.0 215.5 211.0 217.5 209.0 217.5 205.0 215.5 201.0 210.5 197.0 207.0 192.5 203.0 190.5 198.0 190.5 194.0 189.5 188.0 186.5
1 338.0 303.5 335.0 303.5 332.5 310.0 332.5 336.0 331.5 341.0 335.5 353.0 337.0 354.5 339.5 353.0 339.5 345.0 338.5 344.0 338.5 310.0 339.5 309.0 338.0 303.5
1 978.0 303.5 976.0 303.5 972.5 310.0 972.5 333.0 971.5 334.0 971.5 355.0 973.0 356.5 979.5 353.0 979.5 344.0 978.5 343.0 978.5 334.0 979.5 333.0 979.5 306.0 978.0 303.5
1 838.0 296.5 837.5 297.0 837.5 315.0 838.5 318.0 836.5 321.0 836.5 328.0 837.5 332.0 842.0 338.5 846.5 334.0 846.5 329.0 842.5 324.0 842.5 298.0 838.0 296.5
1 203.0 297.5 197.5 298.0 197.5 312.0 198.5 313.0 198.5 327.0 199.5 331.0 202.0 334.5 204.5 331.0 202.5 325.0 202.5 320.0 203.5 319.0 203.5 307.0 202.5 306.0 203.0 297.5
1 431.0 487.5 428.0 487.5 426.5 490.0 426.5 501.0 427.5 502.0 427.5 510.0 428.5 511.0 428.5 519.0 427.5 520.0 426.5 528.0 431.0 530.5 433.0 529.5 435.5 526.0 436.5 522.0 435.5 521.0 435.5 508.0 436.5 507.0 436.5 493.0 431.0 487.5
1 1073.0 488.5 1070.0 488.5 1067.5 492.0 1067.5 500.0 1066.5 501.0 1066.5 511.0 1067.5 515.0 1066.5 516.0 1066.5 527.0 1068.0 529.5 1072.0 529.5 1074.5 527.0 1076.5 522.0 1075.5 521.0 1075.5 508.0 1076.5 507.0 1076.5 502.0 1077.5 501.0 1077.5 494.0 1073.0 488.5
0 964.0 301.5 961.0 301.5 959.5 303.0 961.0 305.5 964.0 305.5 967.5 304.0 964.0 301.5
0 992.0 102.5 986.0 102.5 981.0 106.5 970.0 106.5 968.0 107.5 964.0 112.5 958.5 118.0 957.5 122.0 954.5 127.0 953.5 132.0 948.0 137.5 943.0 138.5 939.5 132.0 938.0 127.5 929.0 131.5 920.5 140.0 919.5 143.0 919.5 152.0 914.0 155.5 910.0 156.5 904.5 162.0 904.5 173.0 906.5 177.0 913.5 184.0 910.0 185.5 903.5 192.0 902.5 194.0 902.5 200.0 903.5 201.0 905.5 209.0 909.5 213.0 911.5 217.0 911.5 221.0 906.5 224.0 906.5 229.0 908.5 235.0 910.5 238.0 910.5 243.0 911.5 244.0 911.5 254.0 912.5 257.0 916.0 260.5 920.5 263.0 920.5 269.0 924.5 276.0 928.0 279.5 933.0 280.5 936.0 282.5 943.0 284.5 948.0 284.5 957.0 281.5 959.5 279.0 962.5 273.0 963.0 266.5 972.0 266.5 977.0 261.5 981.0 261.5 987.0 264.5 990.5 268.0 990.5 271.0 993.0 273.5 996.5 275.0 998.5 280.0 998.5 284.0 1000.5 288.0 1000.5 292.0 1006.0 299.5 1010.0 301.5 1018.0 301.5 1022.0 300.5 1026.5 297.0 1028.5 293.0 1028.5 285.0 1027.5 283.0 1032.0 280.5 1036.0 280.5 1041.0 278.5 1046.5 273.0 1047.5 265.0 1043.5 257.0 1047.5 253.0 1049.5 249.0 1049.5 240.0 1046.0 235.5 1041.5 233.0 1041.5 224.0 1046.5 215.0 1047.5 211.0 1047.5 202.0 1046.5 200.0 1042.0 195.5 1038.0 194.5 1034.5 191.0 1034.5 188.0 1032.5 184.0 1026.0 179.5 1020.0 179.5 1017.5 178.0 1017.5 173.0 1020.5 169.0 1021.5 165.0 1024.0 163.5 1030.5 157.0 1031.5 153.0 1031.5 147.0 1029.5 142.0 1026.0 138.5 1023.0 137.5 1019.5 133.0 1020.5 130.0 1020.5 123.0 1018.5 118.0 1013.0 113.5 1005.0 113.5 1002.0 114.5 1000.5 113.0 998.5 108.0 994.0 103.5 992.0 102.5
0 325.0 301.5 320.0 301.5 318.5 304.0 321.0 306.5 325.0 306.5 328.5 304.0 325.0 301.5
0 352.0 102.5 347.0 102.5 341.0 106.5 331.0 106.5 329.0 107.5 318.5 118.0 317.5 125.0 315.5 129.0 316.5 130.0 316.5 137.0 309.0 136.5 307.0 137.5 303.0 136.5 301.5 135.0 298.0 128.5 292.0 129.5 287.0 132.5 280.5 139.0 279.5 141.0 279.5 150.0 277.0 153.5 270.0 156.5 264.5 162.0 264.5 171.0 266.5 176.0 271.0 181.5 274.5 184.0 270.0 186.5 264.5 192.0 262.5 198.0 265.5 204.0 265.5 206.0 270.5 211.0 272.5 216.0 272.5 223.0 274.5 228.0 273.5 232.0 273.5 238.0 271.5 241.0 271.5 247.0 272.5 248.0 272.5 253.0 274.5 257.0 279.0 261.5 282.5 264.0 282.5 272.0 287.0 278.5 291.0 279.5 294.0 281.5 299.0 282.5 303.0 284.5 309.0 284.5 317.0 281.5 322.5 274.0 322.5 271.0 324.0 268.5 333.0 266.5 338.0 261.5 342.0 261.5 347.0 264.5 350.5 268.0 350.5 272.0 353.0 274.5 356.0 275.5 358.5 280.0 358.5 285.0 360.5 289.0 361.5 295.0 366.0 299.5 370.0 301.5 379.0 301.5 382.0 300.5 386.5 297.0 388.5 293.0 388.5 282.0 391.0 280.5 395.0 280.5 403.0 277.5 405.5 275.0 407.5 270.0 407.5 264.0 406.5 261.0 403.5 257.0 408.5 252.0 410.5 246.0 410.5 242.0 408.5 237.0 406.0 234.5 404.0 234.5 401.5 232.0 401.5 224.0 402.5 223.0 407.5 212.0 407.5 202.0 406.5 200.0 402.0 195.5 398.0 194.5 394.5 190.0 394.5 187.0 392.5 184.0 387.0 179.5 382.0 179.5 377.5 177.0 377.5 173.0 379.5 170.0 380.5 166.0 384.0 162.5 388.0 160.5 390.5 157.0 391.5 153.0 391.5 147.0 390.5 143.0 387.0 139.5 384.0 138.5 380.5 135.0 379.5 131.0 380.5 130.0 380.5 123.0 378.5 118.0 373.0 113.5 365.0 113.5 362.0 114.5 358.5 107.0 356.0 104.5 352.0 102.5
0 918.0 259.5 911.0 259.5 909.5 261.0 910.5 265.0 915.0 269.5 921.0 269.5 922.5 268.0 922.5 263.0 918.0 259.5
0 938.0 118.5 921.0 118.5 918.0 120.5 912.0 122.5 909.5 125.0 907.5 129.0 907.5 133.0 902.0 135.5 900.5 140.0 898.0 143.5 896.0 144.5 891.0 144.5 887.5 148.0 885.5 152.0 883.0 154.5 875.0 156.5 868.0 163.5 855.0 163.5 850.5 167.0 849.5 171.0 851.5 179.0 855.0 181.5 856.5 184.0 854.5 187.0 853.5 193.0 857.5 196.0 857.5 203.0 855.5 207.0 855.5 212.0 856.5 214.0 862.0 216.5 864.5 219.0 861.5 227.0 861.5 232.0 862.5 234.0 868.5 239.0 868.5 242.0 872.0 246.5 874.0 246.5 879.0 249.5 883.0 250.5 891.0 250.5 893.0 251.5 899.0 257.5 905.0 258.5 909.5 254.0 911.5 247.0 909.5 240.0 907.0 238.5 903.5 234.0 904.5 230.0 904.5 223.0 901.5 220.0 901.5 213.0 904.5 210.0 903.5 206.0 903.5 201.0 905.5 197.0 906.5 192.0 910.5 188.0 910.5 184.0 908.5 182.0 908.5 179.0 904.5 173.0 904.5 164.0 905.5 162.0 913.0 154.5 916.0 153.5 919.5 150.0 919.5 141.0 920.5 138.0 929.0 130.5 936.0 129.5 939.5 126.0 939.5 122.0 938.0 118.5
0 278.0 259.5 273.0 259.5 269.5 263.0 275.0 269.5 281.0 269.5 282.5 268.0 282.5 263.0 278.0 259.5
0 296.0 116.5 290.0 116.5 287.0 118.5 282.0 117.5 275.0 120.5 268.5 126.0 267.5 133.0 262.0 135.5 257.0 143.5 251.0 144.5 247.5 148.0 246.5 151.0 242.0 154.5 237.0 155.5 232.5 159.0 232.5 160.0 228.0 163.5 215.0 163.5 210.5 167.0 209.5 174.0 211.5 179.0 216.5 184.0 212.5 190.0 212.5 194.0 216.5 197.0 217.5 203.0 216.5 204.0 216.5 211.0 220.0 212.5 228.5 218.0 222.5 225.0 222.5 233.0 229.5 239.0 230.5 244.0 236.0 248.5 241.0 250.5 250.0 250.5 252.0 251.5 257.0 256.5 263.0 259.5 268.5 255.0 271.5 247.0 270.5 246.0 270.5 241.0 265.5 234.0 265.5 231.0 267.5 228.0 267.5 222.0 269.5 219.0 265.5 213.0 265.5 209.0 263.5 205.0 263.5 196.0 265.5 189.0 270.5 184.0 268.5 178.0 265.5 175.0 264.5 172.0 264.5 166.0 266.5 161.0 271.0 156.5 278.0 153.5 280.5 150.0 280.5 141.0 281.5 139.0 287.0 133.5 292.0 130.5 296.0 130.5 299.5 127.0 300.5 120.0 296.0 116.5
0 271.0 224.5 268.5 227.0 271.5 228.0 271.0 224.5
