0 916.0 301.5 922.0 300.5 926.5 297.0 926.5 293.0 924.5 287.0 920.5 281.0 919.5 275.0 916.5 272.0 916.5 266.0 918.5 261.0 917.5 255.0 913.0 250.5 908.0 253.5 897.5 243.0 897.5 236.0 892.0 231.5 885.0 231.5 880.5 236.0 879.5 242.0 876.5 246.0 876.5 249.0 880.5 253.0 880.5 258.0 883.5 261.0 886.5 267.0 886.5 269.0 889.0 271.5 894.0 272.5 895.5 274.0 896.5 279.0 900.5 289.0 903.5 292.0 904.5 297.0 906.0 298.5 909.0 298.5 912.0 300.5 916.0 301.5
0 884.0 306.5 886.0 305.5 898.0 305.5 904.5 302.0 904.5 299.0 903.0 298.5 900.0 294.5 897.0 293.5 894.5 291.0 892.5 287.0 889.0 283.5 882.5 281.0 881.5 273.0 880.5 271.0 871.5 260.0 870.5 255.0 867.5 252.0 866.5 246.0 863.5 242.0 861.5 236.0 856.0 233.5 850.0 234.5 846.5 238.0 846.5 242.0 843.0 245.5 838.0 246.5 836.5 244.0 831.0 238.5 827.0 236.5 821.0 236.5 818.0 237.5 814.5 241.0 812.5 248.0 814.5 252.0 814.5 257.0 810.0 258.5 806.5 261.0 805.5 265.0 803.0 268.5 793.0 270.5 786.5 276.0 784.5 281.0 784.5 287.0 786.5 292.0 789.0 294.5 792.0 295.5 799.0 295.5 803.0 293.5 810.0 292.5 813.0 290.5 817.0 294.5 822.0 296.5 825.0 295.5 831.0 295.5 840.0 289.5 852.0 289.5 856.5 292.0 856.5 297.0 858.0 299.5 859.5 299.0 858.5 291.0 863.0 287.5 876.0 287.5 881.5 292.0 879.5 303.0 884.0 306.5
0 863.0 353.5 867.0 352.5 876.0 348.5 878.0 346.5 880.0 347.5 892.0 347.5 895.0 346.5 898.0 343.5 909.0 343.5 918.0 339.5 920.5 336.0 919.5 331.0 920.5 330.0 920.5 325.0 917.0 318.5 911.0 313.5 906.0 313.5 905.0 314.5 898.0 314.5 892.0 309.5 883.0 309.5 881.0 311.5 876.0 312.5 871.0 312.5 863.0 315.5 860.0 318.5 855.0 319.5 847.0 319.5 843.0 322.5 836.0 325.5 831.5 330.0 829.5 335.0 829.5 340.0 831.5 344.0 838.0 348.5 848.0 348.5 853.0 349.5 856.0 351.5 863.0 353.5
0 275.0 301.5 280.0 301.5 285.0 299.5 287.5 297.0 285.5 292.0 285.5 289.0 281.5 283.0 280.5 276.0 275.5 271.0 275.5 267.0 278.5 261.0 277.5 254.0 274.0 250.5 267.0 251.5 262.0 246.5 255.0 243.5 254.5 242.0 257.5 237.0 255.0 233.5 252.0 231.5 244.0 231.5 240.5 236.0 240.5 243.0 243.5 246.0 242.5 254.0 241.5 255.0 242.5 261.0 248.0 270.5 254.0 272.5 255.5 275.0 255.5 278.0 261.5 290.0 264.5 294.0 264.5 296.0 268.0 297.5 272.0 300.5 275.0 301.5
0 242.0 305.5 249.0 305.5 250.0 304.5 260.0 304.5 263.0 303.5 264.5 300.0 260.0 294.5 256.0 293.5 251.5 286.0 247.0 282.5 244.0 282.5 241.5 281.0 241.5 275.0 240.5 272.0 237.5 269.0 235.5 265.0 232.0 261.5 231.5 256.0 227.5 250.0 227.5 247.0 222.5 239.0 222.5 237.0 220.0 234.5 217.0 233.5 212.0 233.5 208.0 235.5 206.5 238.0 207.5 243.0 206.5 246.0 204.0 247.5 199.0 247.5 196.5 244.0 190.0 237.5 187.0 236.5 182.0 236.5 178.0 237.5 174.5 241.0 172.5 245.0 172.5 248.0 174.5 252.0 175.0 257.5 168.0 259.5 165.5 263.0 165.5 266.0 162.0 269.5 157.0 269.5 149.0 273.5 145.5 277.0 144.5 280.0 144.5 289.0 146.5 293.0 149.0 295.5 158.0 295.5 165.0 292.5 170.0 291.5 173.0 289.5 178.0 294.5 187.0 294.5 192.0 291.5 204.0 288.5 205.0 289.5 216.0 289.5 218.0 290.5 222.0 287.5 227.0 287.5 228.0 286.5 235.0 286.5 237.0 287.5 241.5 292.0 239.5 299.0 237.5 302.0 242.0 305.5
0 219.0 300.5 220.5 299.0 220.5 295.0 218.0 292.5 216.5 294.0 216.5 298.0 219.0 300.5
0 231.0 302.5 235.0 302.5 232.0 300.5 231.0 302.5
0 222.0 353.5 228.0 352.5 231.0 350.5 235.0 349.5 238.0 346.5 243.0 348.5 246.0 347.5 252.0 347.5 255.0 346.5 258.0 343.5 269.0 343.5 274.0 340.5 278.5 339.0 279.5 337.0 279.5 329.0 280.5 328.0 279.5 322.0 273.0 315.5 270.0 314.5 262.0 316.5 258.0 316.5 253.0 311.5 247.0 310.5 244.0 312.5 233.0 312.5 225.0 314.5 222.0 317.5 217.0 319.5 208.0 319.5 203.0 322.5 196.0 325.5 190.5 331.0 189.5 334.0 189.5 341.0 193.0 345.5 199.0 348.5 204.0 349.5 208.0 348.5 213.0 349.5 216.0 351.5 222.0 353.5
0 452.0 532.5 455.0 531.5 458.5 528.0 457.5 521.0 462.5 515.0 462.5 509.0 457.5 503.0 457.5 500.0 459.5 497.0 459.5 492.0 458.0 490.5 447.0 485.5 443.5 481.0 442.5 473.0 444.5 464.0 447.5 457.0 447.5 451.0 449.5 446.0 449.5 438.0 443.5 433.0 442.5 427.0 439.0 423.5 434.0 423.5 429.5 427.0 427.5 433.0 425.0 436.5 420.0 438.5 415.0 439.5 411.5 443.0 411.5 447.0 413.5 452.0 410.5 457.0 410.5 463.0 411.5 464.0 411.5 471.0 414.5 477.0 413.5 481.0 416.0 482.5 418.5 486.0 418.5 494.0 416.5 498.0 420.0 504.5 424.5 507.0 424.5 512.0 423.5 517.0 426.0 518.5 431.5 524.0 431.5 526.0 435.0 528.5 441.0 528.5 446.0 529.5 452.0 532.5
0 1092.0 533.5 1096.0 531.5 1099.5 528.0 1098.5 523.0 1099.5 519.0 1103.5 513.0 1101.5 507.0 1098.5 503.0 1100.5 492.0 1098.0 489.5 1094.0 489.5 1083.5 482.0 1082.5 479.0 1082.5 470.0 1085.5 462.0 1085.5 457.0 1089.5 449.0 1089.5 438.0 1084.5 433.0 1082.5 426.0 1079.0 423.5 1074.0 423.5 1070.5 426.0 1069.5 433.0 1067.0 435.5 1065.0 435.5 1057.0 439.5 1055.0 439.5 1052.5 442.0 1051.5 448.0 1052.5 453.0 1050.5 456.0 1050.5 466.0 1051.5 469.0 1050.5 471.0 1051.5 474.0 1054.5 477.0 1054.5 482.0 1058.5 487.0 1057.5 490.0 1057.5 499.0 1059.5 503.0 1064.5 506.0 1064.5 509.0 1062.5 511.0 1062.5 515.0 1064.5 519.0 1069.5 523.0 1073.0 527.5 1077.0 529.5 1082.0 529.5 1086.0 530.5 1092.0 533.5
1 942.0 416.5 945.0 416.5 947.5 410.0 947.5 384.0 948.5 379.0 944.5 367.0 943.0 365.5 940.5 367.0 940.5 375.0 941.5 376.0 941.5 410.0 940.5 411.0 942.0 416.5
1 302.0 416.5 304.0 416.5 307.5 410.0 307.5 387.0 308.5 386.0 308.5 365.0 307.0 363.5 300.5 367.0 300.5 376.0 301.5 377.0 301.5 386.0 300.5 387.0 300.5 414.0 302.0 416.5
1 442.0 423.5 442.5 423.0 442.5 405.0 441.5 402.0 443.5 399.0 443.5 392.0 442.5 388.0 438.0 381.5 433.5 386.0 433.5 391.0 437.5 396.0 437.5 422.0 442.0 423.5
1 1077.0 422.5 1082.5 422.0 1082.5 408.0 1081.5 407.0 1081.5 393.0 1080.5 389.0 1078.0 385.5 1075.5 389.0 1077.5 395.0 1077.5 400.0 1076.5 401.0 1076.5 413.0 1077.5 414.0 1077.0 422.5
1 849.0 232.5 852.0 232.5 853.5 230.0 853.5 219.0 852.5 218.0 852.5 210.0 851.5 209.0 851.5 201.0 852.5 200.0 853.5 192.0 849.0 189.5 847.0 190.5 844.5 194.0 843.5 198.0 844.5 199.0 844.5 212.0 843.5 213.0 843.5 227.0 849.0 232.5
1 207.0 231.5 210.0 231.5 212.5 228.0 212.5 220.0 213.5 219.0 213.5 209.0 212.5 205.0 213.5 204.0 213.5 193.0 212.0 190.5 208.0 190.5 205.5 193.0 203.5 198.0 204.5 199.0 204.5 212.0 203.5 213.0 203.5 218.0 202.5 219.0 202.5 226.0 207.0 231.5
0 316.0 418.5 319.0 418.5 320.5 417.0 319.0 414.5 316.0 414.5 312.5 416.0 316.0 418.5
0 288.0 617.5 294.0 617.5 299.0 613.5 310.0 613.5 312.0 612.5 316.0 607.5 321.5 602.0 322.5 598.0 325.5 593.0 326.5 588.0 332.0 582.5 337.0 581.5 340.5 588.0 342.0 592.5 351.0 588.5 359.5 580.0 360.5 577.0 360.5 568.0 366.0 564.5 370.0 563.5 375.5 558.0 375.5 547.0 373.5 543.0 366.5 536.0 370.0 534.5 376.5 528.0 377.5 526.0 377.5 520.0 376.5 519.0 374.5 511.0 370.5 507.0 368.5 503.0 368.5 499.0 373.5 496.0 373.5 491.0 371.5 485.0 369.5 482.0 369.5 477.0 368.5 476.0 368.5 466.0 367.5 463.0 364.0 459.5 359.5 457.0 359.5 451.0 355.5 444.0 352.0 440.5 347.0 439.5 344.0 437.5 337.0 435.5 332.0 435.5 323.0 438.5 320.5 441.0 317.5 447.0 317.0 453.5 308.0 453.5 303.0 458.5 299.0 458.5 293.0 455.5 289.5 452.0 289.5 449.0 287.0 446.5 283.5 445.0 281.5 440.0 281.5 436.0 279.5 432.0 279.5 428.0 274.0 420.5 270.0 418.5 262.0 418.5 258.0 419.5 253.5 423.0 251.5 427.0 251.5 435.0 252.5 437.0 248.0 439.5 244.0 439.5 239.0 441.5 233.5 447.0 232.5 455.0 236.5 463.0 232.5 467.0 230.5 471.0 230.5 480.0 234.0 484.5 238.5 487.0 238.5 496.0 233.5 505.0 232.5 509.0 232.5 518.0 233.5 520.0 238.0 524.5 242.0 525.5 245.5 529.0 245.5 532.0 247.5 536.0 254.0 540.5 260.0 540.5 262.5 542.0 262.5 547.0 259.5 551.0 258.5 555.0 256.0 556.5 249.5 563.0 248.5 567.0 248.5 573.0 250.5 578.0 254.0 581.5 257.0 582.5 260.5 587.0 259.5 590.0 259.5 597.0 261.5 602.0 267.0 606.5 275.0 606.5 278.0 605.5 279.5 607.0 281.5 612.0 286.0 616.5 288.0 617.5
0 955.0 418.5 960.0 418.5 961.5 416.0 959.0 413.5 955.0 413.5 951.5 416.0 955.0 418.5
0 928.0 617.5 933.0 617.5 939.0 613.5 949.0 613.5 951.0 612.5 961.5 602.0 962.5 595.0 964.5 591.0 963.5 590.0 963.5 583.0 971.0 583.5 973.0 582.5 977.0 583.5 978.5 585.0 982.0 591.5 988.0 590.5 993.0 587.5 999.5 581.0 1000.5 579.0 1000.5 570.0 1003.0 566.5 1010.0 563.5 1015.5 558.0 1015.5 549.0 1013.5 544.0 1009.0 538.5 1005.5 536.0 1010.0 533.5 1015.5 528.0 1017.5 522.0 1014.5 516.0 1014.5 514.0 1009.5 509.0 1007.5 504.0 1007.5 497.0 1005.5 492.0 1006.5 488.0 1006.5 482.0 1008.5 479.0 1008.5 473.0 1007.5 472.0 1007.5 467.0 1005.5 463.0 1001.0 458.5 997.5 456.0 997.5 448.0 993.0 441.5 989.0 440.5 986.0 438.5 981.0 437.5 977.0 435.5 971.0 435.5 963.0 438.5 957.5 446.0 957.5 449.0 956.0 451.5 947.0 453.5 942.0 458.5 938.0 458.5 933.0 455.5 929.5 452.0 929.5 448.0 927.0 445.5 924.0 444.5 921.5 440.0 921.5 435.0 919.5 431.0 918.5 425.0 914.0 420.5 910.0 418.5 901.0 418.5 898.0 419.5 893.5 423.0 891.5 427.0 891.5 438.0 889.0 439.5 885.0 439.5 877.0 442.5 874.5 445.0 872.5 450.0 872.5 456.0 873.5 459.0 876.5 463.0 871.5 468.0 869.5 474.0 869.5 478.0 871.5 483.0 874.0 485.5 876.0 485.5 878.5 488.0 878.5 496.0 877.5 497.0 872.5 508.0 872.5 518.0 873.5 520.0 878.0 524.5 882.0 525.5 885.5 530.0 885.5 533.0 887.5 536.0 893.0 540.5 898.0 540.5 902.5 543.0 902.5 547.0 900.5 550.0 899.5 554.0 896.0 557.5 892.0 559.5 889.5 563.0 888.5 567.0 888.5 573.0 889.5 577.0 893.0 580.5 896.0 581.5 899.5 585.0 900.5 589.0 899.5 590.0 899.5 597.0 901.5 602.0 907.0 606.5 915.0 606.5 918.0 605.5 921.5 613.0 924.0 615.5 928.0 617.5
0 362.0 460.5 369.0 460.5 370.5 459.0 369.5 455.0 365.0 450.5 359.0 450.5 357.5 452.0 357.5 457.0 362.0 460.5
0 342.0 601.5 359.0 601.5 362.0 599.5 368.0 597.5 370.5 595.0 372.5 591.0 372.5 587.0 378.0 584.5 379.5 580.0 382.0 576.5 384.0 575.5 389.0 575.5 392.5 572.0 394.5 568.0 397.0 565.5 405.0 563.5 412.0 556.5 425.0 556.5 429.5 553.0 430.5 549.0 428.5 541.0 425.0 538.5 423.5 536.0 425.5 533.0 426.5 527.0 422.5 524.0 422.5 517.0 424.5 513.0 424.5 508.0 423.5 506.0 418.0 503.5 415.5 501.0 418.5 493.0 418.5 488.0 417.5 486.0 411.5 481.0 411.5 478.0 408.0 473.5 406.0 473.5 401.0 470.5 397.0 469.5 389.0 469.5 387.0 468.5 381.0 462.5 375.0 461.5 370.5 466.0 368.5 473.0 370.5 480.0 373.0 481.5 376.5 486.0 375.5 490.0 375.5 497.0 378.5 500.0 378.5 507.0 375.5 510.0 376.5 514.0 376.5 519.0 374.5 523.0 373.5 528.0 369.5 532.0 369.5 536.0 371.5 538.0 371.5 541.0 375.5 547.0 375.5 556.0 374.5 558.0 367.0 565.5 364.0 566.5 360.5 570.0 360.5 579.0 359.5 582.0 351.0 589.5 344.0 590.5 340.5 594.0 340.5 598.0 342.0 601.5
0 1002.0 460.5 1007.0 460.5 1010.5 457.0 1005.0 450.5 999.0 450.5 997.5 452.0 997.5 457.0 1002.0 460.5
0 984.0 603.5 990.0 603.5 993.0 601.5 998.0 602.5 1005.0 599.5 1011.5 594.0 1012.5 587.0 1018.0 584.5 1023.0 576.5 1029.0 575.5 1032.5 572.0 1033.5 569.0 1038.0 565.5 1043.0 564.5 1047.5 561.0 1047.5 560.0 1052.0 556.5 1065.0 556.5 1069.5 553.0 1070.5 546.0 1068.5 541.0 1063.5 536.0 1067.5 530.0 1067.5 526.0 1063.5 523.0 1062.5 517.0 1063.5 516.0 1063.5 509.0 1060.0 507.5 1051.5 502.0 1057.5 495.0 1057.5 487.0 1050.5 481.0 1049.5 476.0 1044.0 471.5 1039.0 469.5 1030.0 469.5 1028.0 468.5 1023.0 463.5 1017.0 460.5 1011.5 465.0 1008.5 473.0 1009.5 474.0 1009.5 479.0 1014.5 486.0 1014.5 489.0 1012.5 492.0 1012.5 498.0 1010.5 501.0 1014.5 507.0 1014.5 511.0 1016.5 515.0 1016.5 524.0 1014.5 531.0 1009.5 536.0 1011.5 542.0 1014.5 545.0 1015.5 548.0 1015.5 554.0 1013.5 559.0 1009.0 563.5 1002.0 566.5 999.5 570.0 999.5 579.0 998.5 581.0 993.0 586.5 988.0 589.5 984.0 589.5 980.5 593.0 979.5 600.0 984.0 603.5
0 1009.0 495.5 1011.5 493.0 1008.5 492.0 1009.0 495.5
