0 316.5 303.4 309.5 302.5 304.2 299.1 304.2 295.2 306.6 289.4 311.2 283.6 312.4 277.8 315.9 274.9 315.9 269.1 313.6 264.3 314.8 258.5 320.0 254.1 325.9 257.0 338.2 246.9 338.2 240.1 344.6 235.7 352.9 235.7 358.1 240.1 359.3 245.9 362.8 249.8 362.8 252.7 358.1 256.5 358.1 261.4 354.6 264.3 351.1 270.1 351.1 272.0 348.2 274.4 342.3 275.4 340.5 276.8 339.4 281.7 334.7 291.3 331.2 294.2 330.0 299.1 328.2 300.5 324.7 300.5 321.2 302.5 316.5 303.4
0 354.0 308.3 351.7 307.3 337.6 307.3 330.0 303.9 330.0 301.0 331.8 300.5 335.3 296.7 338.8 295.7 341.7 293.3 344.1 289.4 348.2 286.0 355.8 283.6 357.0 275.9 358.1 273.9 368.7 263.3 369.8 258.5 373.4 255.6 374.5 249.8 378.1 245.9 380.4 240.1 386.8 237.7 393.9 238.6 398.0 242.0 398.0 245.9 402.1 249.3 407.9 250.2 409.7 247.8 416.1 242.5 420.8 240.6 427.9 240.6 431.4 241.5 435.5 244.9 437.8 251.7 435.5 255.6 435.5 260.4 440.8 261.8 444.9 264.3 446.0 268.1 449.0 271.5 460.7 273.5 468.3 278.8 470.6 283.6 470.6 289.4 468.3 294.2 465.4 296.7 461.9 297.6 453.6 297.6 449.0 295.7 440.8 294.7 437.2 292.8 432.6 296.7 426.7 298.6 423.2 297.6 416.1 297.6 405.6 291.8 391.5 291.8 386.3 294.2 386.3 299.1 384.5 301.5 382.7 301.0 383.9 293.3 378.6 289.9 363.4 289.9 357.0 294.2 359.3 304.9 354.0 308.3
0 378.6 353.7 374.0 352.7 363.4 348.9 361.1 346.9 358.7 347.9 344.6 347.9 341.1 346.9 337.6 344.0 324.7 344.0 314.2 340.2 311.2 336.8 312.4 332.0 311.2 331.0 311.2 326.2 315.3 319.9 322.4 315.0 328.2 315.0 329.4 316.0 337.6 316.0 344.6 311.2 355.2 311.2 357.5 313.1 363.4 314.1 369.3 314.1 378.6 317.0 382.2 319.9 388.0 320.8 397.4 320.8 402.1 323.7 410.3 326.6 415.6 331.0 417.9 335.8 417.9 340.7 415.6 344.5 407.9 348.9 396.2 348.9 390.4 349.8 386.8 351.8 378.6 353.7
0 1067.8 303.4 1061.9 303.4 1056.1 301.5 1053.1 299.1 1055.5 294.2 1055.5 291.3 1060.2 285.5 1061.3 278.8 1067.2 273.9 1067.2 270.1 1063.7 264.3 1064.9 257.5 1069.0 254.1 1077.2 255.1 1083.0 250.2 1091.2 247.3 1091.8 245.9 1088.3 241.1 1091.2 237.7 1094.7 235.7 1104.1 235.7 1108.2 240.1 1108.2 246.9 1104.7 249.8 1105.9 257.5 1107.1 258.5 1105.9 264.3 1099.4 273.5 1092.4 275.4 1090.6 277.8 1090.6 280.7 1083.6 292.3 1080.1 296.2 1080.1 298.1 1076.0 299.6 1071.3 302.5 1067.8 303.4
0 1106.5 307.3 1098.3 307.3 1097.1 306.3 1085.4 306.3 1081.9 305.4 1080.1 302.0 1085.4 296.7 1090.1 295.7 1095.3 288.4 1100.6 285.1 1104.1 285.1 1107.1 283.6 1107.1 277.8 1108.2 274.9 1111.7 272.0 1114.1 268.1 1118.2 264.7 1118.8 259.4 1123.5 253.6 1123.5 250.7 1129.3 243.0 1129.3 241.1 1132.3 238.6 1135.8 237.7 1141.6 237.7 1146.3 239.6 1148.1 242.0 1146.9 246.9 1148.1 249.8 1151.0 251.2 1156.9 251.2 1159.8 247.8 1167.4 241.5 1170.9 240.6 1176.8 240.6 1181.5 241.5 1185.6 244.9 1187.9 248.8 1187.9 251.7 1185.6 255.6 1185.0 260.9 1193.2 262.8 1196.1 266.2 1196.1 269.1 1200.2 272.5 1206.1 272.5 1215.5 276.4 1219.6 279.7 1220.7 282.6 1220.7 291.3 1218.4 295.2 1215.5 297.6 1204.9 297.6 1196.7 294.7 1190.9 293.8 1187.3 291.8 1181.5 296.7 1170.9 296.7 1165.1 293.8 1151.0 290.9 1149.8 291.8 1136.9 291.8 1134.6 292.8 1129.9 289.9 1124.0 289.9 1122.9 288.9 1114.7 288.9 1112.3 289.9 1107.1 294.2 1109.4 301.0 1111.7 303.9 1106.5 307.3
0 1133.4 302.5 1131.7 301.0 1131.7 297.1 1134.6 294.7 1136.4 296.2 1136.4 300.0 1133.4 302.5
0 1119.4 304.4 1114.7 304.4 1118.2 302.5 1119.4 304.4
0 1129.9 353.7 1122.9 352.7 1119.4 350.8 1114.7 349.8 1111.2 346.9 1105.3 348.9 1101.8 347.9 1094.7 347.9 1091.2 346.9 1087.7 344.0 1074.8 344.0 1069.0 341.1 1063.7 339.7 1062.5 337.8 1062.5 330.0 1061.3 329.1 1062.5 323.3 1070.1 317.0 1073.6 316.0 1083.0 317.9 1087.7 317.9 1093.6 313.1 1100.6 312.1 1104.1 314.1 1117.0 314.1 1126.4 316.0 1129.9 318.9 1135.8 320.8 1146.3 320.8 1152.2 323.7 1160.4 326.6 1166.8 332.0 1168.0 334.9 1168.0 341.6 1163.9 346.0 1156.9 348.9 1151.0 349.8 1146.3 348.9 1140.5 349.8 1136.9 351.8 1129.9 353.7
0 860.3 526.8 856.8 525.8 852.7 522.5 853.9 515.7 848.0 509.9 848.0 504.1 853.9 498.3 853.9 495.4 851.6 492.5 851.6 487.6 853.3 486.2 866.2 481.4 870.3 477.0 871.5 469.3 869.1 460.6 865.6 453.8 865.6 448.0 863.3 443.2 863.3 435.4 870.3 430.6 871.5 424.8 875.6 421.4 881.4 421.4 886.7 424.8 889.1 430.6 892.0 434.0 897.8 435.9 903.7 436.9 907.8 440.3 907.8 444.1 905.5 449.0 909.0 453.8 909.0 459.6 907.8 460.6 907.8 467.3 904.3 473.1 905.5 477.0 902.5 478.5 899.6 481.8 899.6 489.6 901.9 493.4 897.8 499.7 892.6 502.2 892.6 507.0 893.7 511.8 890.8 513.3 884.4 518.6 884.4 520.5 880.3 522.9 873.2 522.9 867.4 523.9 860.3 526.8
0 110.2 527.8 105.6 525.8 101.5 522.5 102.6 517.6 101.5 513.8 96.8 508.0 99.1 502.2 102.6 498.3 100.3 487.6 103.2 485.2 107.9 485.2 120.2 478.0 121.4 475.1 121.4 466.4 117.9 458.6 117.9 453.8 113.2 446.1 113.2 435.4 119.0 430.6 121.4 423.8 125.5 421.4 131.3 421.4 135.4 423.8 136.6 430.6 139.5 433.0 141.9 433.0 151.3 436.9 153.6 436.9 156.5 439.3 157.7 445.1 156.5 449.9 158.9 452.8 158.9 462.5 157.7 465.4 158.9 467.3 157.7 470.2 154.2 473.1 154.2 478.0 149.5 482.8 150.7 485.7 150.7 494.4 148.3 498.3 142.5 501.2 142.5 504.1 144.8 506.0 144.8 509.9 142.5 513.8 136.6 517.6 132.5 522.0 127.8 523.9 122.0 523.9 117.3 524.9 110.2 527.8
1 286.0 414.6 282.5 414.6 279.6 408.4 279.6 383.2 278.4 378.4 283.1 366.8 284.9 365.3 287.8 366.8 287.8 374.5 286.6 375.5 286.6 408.4 287.8 409.3 286.0 414.6
1 1036.1 414.6 1033.8 414.6 1029.7 408.4 1029.7 386.1 1028.5 385.1 1028.5 364.8 1030.3 363.4 1037.9 366.8 1037.9 375.5 1036.7 376.4 1036.7 385.1 1037.9 386.1 1037.9 412.2 1036.1 414.6
1 872.1 421.4 871.5 420.9 871.5 403.5 872.6 400.6 870.3 397.7 870.3 390.9 871.5 387.1 876.7 380.8 882.0 385.1 882.0 390.0 877.3 394.8 877.3 420.0 872.1 421.4
1 127.8 420.4 121.4 420.0 121.4 406.4 122.6 405.5 122.6 391.9 123.7 388.0 126.7 384.7 129.6 388.0 127.2 393.8 127.2 398.7 128.4 399.6 128.4 411.3 127.2 412.2 127.8 420.4
1 395.0 236.7 391.5 236.7 389.8 234.3 389.8 223.6 390.9 222.7 390.9 214.9 392.1 214.0 392.1 206.2 390.9 205.3 389.8 197.5 395.0 195.1 397.4 196.1 400.3 199.5 401.5 203.3 400.3 204.3 400.3 216.9 401.5 217.8 401.5 231.4 395.0 236.7
1 1147.5 235.7 1144.0 235.7 1141.0 232.4 1141.0 224.6 1139.9 223.6 1139.9 214.0 1141.0 210.1 1139.9 209.1 1139.9 198.5 1141.6 196.1 1146.3 196.1 1149.2 198.5 1151.6 203.3 1150.4 204.3 1150.4 216.9 1151.6 217.8 1151.6 222.7 1152.8 223.6 1152.8 230.4 1147.5 235.7
0 1019.7 416.6 1016.2 416.6 1014.5 415.1 1016.2 412.7 1019.7 412.7 1023.8 414.2 1019.7 416.6
0 1052.6 609.0 1045.5 609.0 1039.7 605.1 1026.8 605.1 1024.4 604.2 1019.7 599.3 1013.3 594.0 1012.1 590.2 1008.6 585.3 1007.4 580.5 1001.0 575.2 995.1 574.2 991.0 580.5 989.3 584.8 978.7 581.0 968.8 572.7 967.6 569.8 967.6 561.1 961.1 557.8 956.4 556.8 950.0 551.5 950.0 540.8 952.3 537.0 960.5 530.2 956.4 528.7 948.8 522.5 947.7 520.5 947.7 514.7 948.8 513.8 951.2 506.0 955.9 502.2 958.2 498.3 958.2 494.4 952.3 491.5 952.3 486.7 954.7 480.9 957.0 478.0 957.0 473.1 958.2 472.2 958.2 462.5 959.4 459.6 963.5 456.2 968.8 453.8 968.8 448.0 973.4 441.2 977.5 437.8 983.4 436.9 986.9 434.9 995.1 433.0 1001.0 433.0 1011.5 435.9 1014.5 438.3 1018.0 444.1 1018.6 450.4 1029.1 450.4 1035.0 455.3 1039.7 455.3 1046.7 452.4 1050.8 449.0 1050.8 446.1 1053.7 443.6 1057.8 442.2 1060.2 437.4 1060.2 433.5 1062.5 429.6 1062.5 425.8 1069.0 418.5 1073.6 416.6 1083.0 416.6 1087.7 417.5 1093.0 420.9 1095.3 424.8 1095.3 432.5 1094.2 434.5 1099.4 436.9 1104.1 436.9 1110.0 438.8 1116.4 444.1 1117.6 451.9 1112.9 459.6 1117.6 463.5 1119.9 467.3 1119.9 476.0 1115.8 480.4 1110.6 482.8 1110.6 491.5 1116.4 500.2 1117.6 504.1 1117.6 512.8 1116.4 514.7 1111.2 519.1 1106.5 520.0 1102.4 523.4 1102.4 526.3 1100.0 530.2 1092.4 534.5 1085.4 534.5 1082.4 536.0 1082.4 540.8 1086.0 544.7 1087.1 548.6 1090.1 550.0 1097.7 556.3 1098.8 560.2 1098.8 566.0 1096.5 570.8 1092.4 574.2 1088.9 575.2 1084.8 579.5 1086.0 582.4 1086.0 589.2 1083.6 594.0 1077.2 598.4 1067.8 598.4 1064.3 597.4 1062.5 598.9 1060.2 603.7 1054.9 608.0 1052.6 609.0
0 270.8 416.6 265.0 416.6 263.2 414.2 266.1 411.7 270.8 411.7 274.9 414.2 270.8 416.6
0 302.5 609.0 296.6 609.0 289.6 605.1 277.8 605.1 275.5 604.2 263.2 594.0 262.0 587.3 259.7 583.4 260.8 582.4 260.8 575.6 252.1 576.1 249.7 575.2 245.0 576.1 243.3 577.6 239.2 583.9 232.1 582.9 226.3 580.0 218.7 573.7 217.5 571.8 217.5 563.1 214.6 559.7 206.4 556.8 199.9 551.5 199.9 542.8 202.2 537.9 207.5 532.6 211.6 530.2 206.4 527.8 199.9 522.5 197.6 516.7 201.1 510.9 201.1 508.9 206.9 504.1 209.3 499.3 209.3 492.5 211.6 487.6 210.5 483.8 210.5 478.0 208.1 475.1 208.1 469.3 209.3 468.3 209.3 463.5 211.6 459.6 216.9 455.3 221.0 452.8 221.0 445.1 226.3 438.8 231.0 437.8 234.5 435.9 240.3 434.9 245.0 433.0 252.1 433.0 261.4 435.9 267.9 443.2 267.9 446.1 269.6 448.5 280.2 450.4 286.0 455.3 290.7 455.3 296.6 452.4 300.7 449.0 300.7 445.1 303.6 442.7 307.1 441.7 310.1 437.4 310.1 432.5 312.4 428.7 313.6 422.9 318.9 418.5 323.6 416.6 334.1 416.6 337.6 417.5 342.9 420.9 345.2 424.8 345.2 435.4 348.2 436.9 352.9 436.9 362.2 439.8 365.2 442.2 367.5 447.0 367.5 452.8 366.3 455.7 362.8 459.6 368.7 464.4 371.0 470.2 371.0 474.1 368.7 478.9 365.7 481.4 363.4 481.4 360.5 483.8 360.5 491.5 361.6 492.5 367.5 503.1 367.5 512.8 366.3 514.7 361.1 519.1 356.4 520.0 352.3 524.4 352.3 527.3 349.9 530.2 343.5 534.5 337.6 534.5 332.3 537.0 332.3 540.8 334.7 543.7 335.9 547.6 340.0 551.0 344.6 552.9 347.6 556.3 348.8 560.2 348.8 566.0 347.6 569.8 343.5 573.2 340.0 574.2 335.9 577.6 334.7 581.4 335.9 582.4 335.9 589.2 333.5 594.0 327.1 598.4 317.7 598.4 314.2 597.4 310.1 604.7 307.1 607.1 302.5 609.0
0 965.8 457.2 957.6 457.2 955.9 455.7 957.0 451.9 962.3 447.5 969.3 447.5 971.1 449.0 971.1 453.8 965.8 457.2
0 989.3 593.5 969.3 593.5 965.8 591.6 958.8 589.7 955.9 587.3 953.5 583.4 953.5 579.5 947.1 577.1 945.3 572.7 942.4 569.4 940.0 568.4 934.2 568.4 930.1 565.0 927.7 561.1 924.8 558.7 915.4 556.8 907.2 550.0 892.0 550.0 886.7 546.6 885.5 542.8 887.9 535.0 892.0 532.6 893.7 530.2 891.4 527.3 890.2 521.5 894.9 518.6 894.9 511.8 892.6 508.0 892.6 503.1 893.7 501.2 900.2 498.8 903.1 496.4 899.6 488.6 899.6 483.8 900.8 481.8 907.8 477.0 907.8 474.1 911.9 469.8 914.3 469.8 920.1 466.9 924.8 465.9 934.2 465.9 936.5 464.9 943.6 459.1 950.6 458.2 955.9 462.5 958.2 469.3 955.9 476.0 952.9 477.5 948.8 481.8 950.0 485.7 950.0 492.5 946.5 495.4 946.5 502.2 950.0 505.1 948.8 508.9 948.8 513.8 951.2 517.6 952.3 522.5 957.0 526.3 957.0 530.2 954.7 532.1 954.7 535.0 950.0 540.8 950.0 549.5 951.2 551.5 960.0 558.7 963.5 559.7 967.6 563.1 967.6 571.8 968.8 574.7 978.7 581.9 986.9 582.9 991.0 586.3 991.0 590.2 989.3 593.5
0 215.7 457.2 209.9 457.2 205.8 453.8 212.2 447.5 219.2 447.5 221.0 449.0 221.0 453.8 215.7 457.2
0 236.8 595.5 229.8 595.5 226.3 593.5 220.4 594.5 212.2 591.6 204.6 586.3 203.4 579.5 197.0 577.1 191.1 569.4 184.1 568.4 180.0 565.0 178.8 562.1 173.5 558.7 167.7 557.8 162.4 554.4 162.4 553.4 157.1 550.0 141.9 550.0 136.6 546.6 135.4 539.9 137.8 535.0 143.6 530.2 139.0 524.4 139.0 520.5 143.6 517.6 144.8 511.8 143.6 510.9 143.6 504.1 147.7 502.6 157.7 497.3 150.7 490.5 150.7 482.8 158.9 477.0 160.1 472.2 166.5 467.8 172.4 465.9 182.9 465.9 185.3 464.9 191.1 460.1 198.1 457.2 204.6 461.5 208.1 469.3 206.9 470.2 206.9 475.1 201.1 481.8 201.1 484.7 203.4 487.6 203.4 493.4 205.8 496.4 201.1 502.2 201.1 506.0 198.7 509.9 198.7 518.6 201.1 525.4 206.9 530.2 204.6 536.0 201.1 538.9 199.9 541.8 199.9 547.6 202.2 552.4 207.5 556.8 215.7 559.7 218.7 563.1 218.7 571.8 219.8 573.7 226.3 579.0 232.1 581.9 236.8 581.9 240.9 585.3 242.1 592.1 236.8 595.5
0 207.5 491.0 204.6 488.6 208.1 487.6 207.5 491.0
