0 428.2 173.6 423.5 169.8 421.3 164.5 423.3 161.0 427.9 156.8 434.4 153.5 438.2 148.8 442.3 147.6 445.2 142.4 445.9 137.1 449.7 132.3 455.9 130.6 458.8 135.7 473.1 131.7 476.5 125.6 483.5 124.4 489.6 127.8 491.3 133.9 489.2 139.7 489.9 144.6 488.4 147.2 483.0 148.7 480.5 153.1 476.4 154.2 470.9 158.0 469.9 159.7 466.5 160.7 461.6 159.1 459.6 159.7 456.3 163.5 447.9 170.3 443.8 171.4 440.5 175.3 438.4 175.9 435.8 174.4 432.2 174.7 428.2 173.6
0 453.7 193.6 452.4 191.8 441.9 185.9 438.0 179.7 439.5 177.0 441.0 177.4 445.6 175.3 448.7 175.9 452.1 175.0 455.8 172.5 460.6 171.2 467.5 172.2 472.3 165.7 474.1 164.4 487.4 159.3 490.7 155.4 494.8 154.3 498.6 149.5 503.2 147.5 507.9 143.3 513.9 143.8 518.6 147.6 519.9 152.4 518.0 155.8 519.3 160.6 523.2 163.9 525.7 162.5 533.2 160.4 537.7 160.6 542.9 163.6 545.0 165.9 546.4 170.7 544.7 177.8 541.0 180.3 538.5 184.6 541.7 188.1 543.5 192.0 542.4 196.0 542.9 200.3 550.6 206.9 553.6 214.9 552.9 220.3 549.9 225.5 545.7 228.9 542.3 229.8 539.2 229.2 533.1 225.8 530.6 222.1 525.0 217.8 523.4 214.5 517.9 216.1 512.6 215.4 510.5 213.0 505.2 210.1 500.3 200.4 489.9 194.5 484.7 194.5 482.3 198.9 479.7 200.3 478.7 199.1 483.5 192.7 481.3 187.4 470.0 181.0 462.9 182.2 459.3 192.8 453.7 193.6
0 448.9 244.9 445.9 242.1 440.0 234.2 439.3 231.4 437.0 231.3 426.6 225.4 424.4 223.1 423.3 219.0 413.7 213.6 407.8 205.7 407.4 201.4 410.7 197.6 410.3 196.2 412.8 191.9 419.0 187.9 426.7 186.5 431.1 188.9 431.4 190.3 437.5 193.7 445.2 192.3 453.1 196.7 453.8 199.5 457.7 202.8 462.0 205.3 467.5 211.8 468.7 215.9 472.5 219.2 479.5 223.1 481.5 227.7 486.2 233.8 487.9 239.9 487.2 245.2 484.7 249.6 481.0 252.1 473.1 252.8 464.4 247.9 459.6 246.3 456.0 246.6 448.9 244.9
0 986.7 488.1 982.4 485.7 979.0 481.5 978.1 478.1 982.2 474.7 983.7 472.1 990.2 468.8 994.5 463.2 1001.3 461.3 1003.2 457.8 1003.6 451.1 1007.9 445.5 1012.6 444.2 1018.2 448.5 1025.1 446.6 1032.6 447.4 1033.8 446.4 1033.6 440.5 1037.5 438.7 1041.1 438.4 1048.1 442.4 1048.9 448.0 1045.5 454.1 1041.4 455.2 1038.4 462.7 1038.7 464.1 1034.9 468.8 1025.5 474.4 1019.3 473.2 1016.7 474.6 1015.3 477.2 1004.1 484.8 999.6 486.8 998.6 488.5 994.8 488.1 989.8 488.7 986.7 488.1
0 1013.5 507.8 1007.4 504.4 1007.0 503.0 998.3 498.1 996.2 495.8 996.6 492.0 1003.2 489.4 1007.2 490.5 1014.8 486.2 1020.5 485.3 1023.1 486.8 1026.0 486.7 1028.9 481.5 1031.3 479.4 1035.4 478.2 1039.1 475.7 1043.8 474.4 1047.0 469.9 1053.4 466.6 1054.9 464.0 1063.1 459.5 1064.1 457.7 1067.5 456.8 1070.6 457.4 1075.0 459.8 1077.5 463.5 1077.6 466.4 1074.3 470.3 1073.7 473.4 1075.1 475.9 1079.5 478.4 1083.4 476.6 1092.2 474.1 1095.3 474.7 1099.7 477.2 1102.7 480.0 1104.0 484.8 1103.8 489.2 1102.3 491.8 1098.6 494.3 1095.5 498.9 1100.6 504.1 1101.0 508.3 1099.6 511.0 1100.9 515.7 1105.3 518.2 1110.3 525.6 1111.6 530.4 1111.0 533.5 1106.6 541.3 1102.9 543.8 1099.5 544.8 1091.6 540.3 1087.0 534.3 1083.1 531.0 1081.5 527.7 1074.7 529.7 1066.8 525.2 1064.0 520.2 1055.0 511.7 1053.6 512.0 1044.0 506.6 1041.8 506.5 1039.8 502.0 1035.4 499.5 1035.0 498.1 1028.9 494.7 1026.7 494.6 1020.6 496.3 1018.9 503.4 1019.2 507.0 1013.5 507.8
0 1036.0 514.8 1035.4 512.7 1037.4 509.2 1040.8 508.3 1041.4 510.3 1039.4 513.8 1036.0 514.8
0 1024.6 510.6 1021.1 508.6 1024.7 508.4 1024.6 510.6
0 1007.4 559.5 1002.7 555.6 1001.0 552.4 998.0 549.6 996.9 545.5 991.6 544.8 989.4 542.5 984.2 539.5 982.1 537.2 980.9 533.1 971.4 527.7 968.5 522.6 965.3 519.1 965.4 516.9 969.3 509.9 968.9 508.5 972.8 503.8 981.6 501.3 984.7 501.9 990.7 507.6 994.2 509.6 1001.0 507.7 1006.7 509.7 1008.3 512.9 1017.9 518.3 1023.9 524.0 1025.1 528.1 1028.4 532.3 1036.3 536.7 1039.2 541.8 1043.8 547.8 1045.9 555.3 1045.3 558.4 1041.8 564.5 1036.6 566.7 1029.9 566.4 1025.0 564.8 1022.0 562.0 1017.2 560.4 1013.6 560.7 1007.4 559.5
0 719.2 602.6 717.0 600.2 715.7 595.4 720.0 589.8 718.6 582.2 721.5 576.9 728.8 574.2 730.3 571.5 730.0 567.9 732.5 563.6 734.5 563.0 746.6 564.1 751.8 561.9 756.6 555.4 759.3 546.6 760.1 539.0 763.1 533.8 763.8 528.4 767.7 521.4 775.4 520.0 779.2 515.3 784.0 514.0 788.3 516.4 790.5 521.7 789.3 527.9 789.8 532.2 793.2 536.4 797.0 539.7 798.4 544.5 796.4 547.9 792.2 551.3 792.4 557.1 789.4 562.4 788.1 562.7 784.6 568.8 779.1 572.6 778.0 576.6 775.1 576.7 771.2 578.5 767.2 585.5 767.0 589.9 760.8 593.9 755.6 593.8 753.2 598.2 751.6 603.0 748.7 603.1 741.2 605.2 740.2 607.0 735.9 607.4 730.7 604.5 725.9 602.9 719.2 602.6
0 161.0 289.4 158.5 285.7 157.2 280.9 160.5 277.0 161.6 273.0 161.1 265.9 165.8 261.6 170.3 259.6 174.0 249.0 177.4 248.1 180.9 250.0 193.7 248.7 196.0 246.5 200.5 238.7 201.8 230.2 204.2 225.9 204.7 217.0 210.1 207.4 216.9 205.5 222.1 200.4 226.3 199.9 230.7 202.3 232.5 206.2 229.9 212.8 230.9 216.2 232.6 217.2 237.7 224.6 239.4 225.6 240.3 229.0 238.3 234.7 234.9 238.6 235.2 242.2 230.3 250.9 228.0 253.0 227.9 255.3 225.5 257.4 221.4 258.5 219.0 262.9 213.0 265.3 212.4 268.4 208.0 276.2 204.3 278.7 198.5 278.9 197.0 281.5 197.8 284.2 195.8 287.7 192.1 290.2 185.8 291.3 180.5 293.5 176.1 293.2 171.7 290.8 167.7 289.7 161.0 289.4
1 349.1 261.0 346.5 259.6 347.5 252.7 360.3 230.0 361.9 225.2 371.3 216.7 373.3 216.1 374.7 218.6 370.8 225.6 369.4 226.0 352.8 255.6 353.1 257.0 349.1 261.0
1 906.8 575.1 905.0 574.1 905.2 566.7 916.5 546.7 916.1 545.3 926.4 527.0 928.4 526.5 932.4 532.7 928.0 540.5 926.6 540.9 922.2 548.8 922.6 550.1 909.3 573.7 906.8 575.1
1 781.4 512.5 781.2 511.8 790.0 496.1 792.3 494.0 792.1 490.4 795.5 484.3 798.3 481.3 805.5 477.9 807.2 484.0 804.7 488.3 798.8 490.7 786.0 513.4 781.4 512.5
1 228.6 200.0 224.0 196.9 230.9 184.7 232.3 184.3 239.1 172.1 242.0 169.1 245.9 167.3 246.3 171.6 241.6 175.8 239.2 180.2 239.6 181.5 233.7 192.0 232.3 192.4 228.6 200.0
1 520.5 146.3 517.9 144.9 517.8 142.0 523.2 132.4 524.5 132.0 528.5 125.0 529.8 124.6 533.7 117.7 533.4 116.3 536.4 108.8 541.6 108.9 542.8 110.7 543.3 115.0 542.2 119.0 540.8 119.4 534.4 130.7 534.8 132.1 528.0 144.3 520.5 146.3
1 1080.3 460.5 1077.7 459.1 1077.3 454.8 1081.2 447.8 1080.8 446.4 1085.7 437.7 1088.5 434.7 1088.2 433.4 1093.6 423.8 1096.1 422.4 1099.6 424.3 1100.5 427.7 1099.8 433.1 1098.5 433.4 1092.1 444.8 1092.5 446.1 1090.0 450.5 1090.4 451.8 1087.0 457.9 1080.3 460.5
0 893.6 570.0 891.0 568.5 890.4 566.5 892.9 565.0 895.6 566.5 897.9 569.5 893.6 570.0
0 820.3 757.1 815.1 754.2 812.7 748.2 803.1 742.8 801.9 741.0 800.8 734.6 798.8 727.2 799.8 723.2 799.7 717.4 801.3 712.5 799.2 705.0 795.3 701.7 789.1 705.6 785.6 708.8 779.7 700.9 776.4 689.3 777.0 686.2 781.5 678.4 778.4 672.6 775.4 669.8 773.3 662.3 778.7 652.7 782.4 650.2 791.9 647.6 789.6 644.5 787.1 635.7 787.3 633.5 790.2 628.2 791.6 627.8 797.2 621.9 802.7 620.3 806.4 617.8 808.3 614.3 805.5 609.3 807.9 604.9 812.6 600.7 815.8 599.0 818.3 594.7 819.6 594.3 824.5 585.6 826.9 583.5 831.7 582.1 836.8 582.2 839.7 576.9 846.7 572.8 851.4 571.5 856.3 573.1 859.9 572.8 867.0 574.5 871.3 576.9 877.7 584.0 878.6 587.4 878.3 594.1 875.5 600.0 883.4 604.4 885.3 611.2 888.8 613.2 895.5 613.5 900.2 612.2 901.7 609.6 905.1 608.6 908.9 609.0 913.1 605.6 915.1 602.1 918.8 599.6 920.7 596.2 929.2 592.3 933.7 592.5 940.6 596.5 943.6 599.3 945.8 604.6 945.6 609.0 941.7 616.0 939.8 617.3 942.5 621.6 946.0 623.6 949.4 627.8 951.5 635.3 948.4 642.8 941.0 647.8 942.5 653.2 942.3 657.7 937.9 665.5 932.7 667.7 927.5 667.7 923.1 675.5 923.0 685.8 921.9 689.8 917.5 697.6 915.7 698.9 909.5 700.6 905.6 699.5 900.8 700.8 899.3 703.5 895.6 706.0 887.7 706.7 882.5 703.8 879.6 703.8 877.2 708.2 877.8 713.1 876.7 717.1 878.2 719.7 880.6 728.5 879.5 732.5 876.6 737.7 872.4 741.1 867.6 742.4 864.5 741.8 859.3 744.0 858.7 747.1 855.2 753.2 851.0 756.6 844.0 757.8 837.1 753.9 834.9 751.6 832.9 752.1 828.7 755.5 822.6 757.2 820.3 757.1
0 336.8 256.4 332.5 253.9 332.4 251.0 335.8 250.1 339.3 252.0 341.1 255.9 336.8 256.4
0 262.7 443.0 258.3 440.6 255.1 434.1 246.4 429.2 245.1 427.4 241.1 413.1 243.7 406.5 243.9 402.0 245.3 401.6 248.7 395.5 241.9 392.3 240.7 390.4 236.7 389.4 234.6 389.9 228.4 393.9 223.7 390.1 220.8 385.0 218.3 376.1 218.4 373.9 222.8 366.1 222.4 361.8 217.8 355.7 215.7 348.2 220.1 340.4 224.3 337.0 230.9 334.4 235.2 334.0 232.5 329.6 230.4 322.1 231.6 315.9 237.1 312.1 238.1 310.4 244.9 308.5 249.1 305.1 252.6 299.0 256.8 295.6 257.9 291.7 260.8 286.4 260.5 282.8 263.5 277.6 264.8 277.2 267.3 272.9 271.0 270.4 277.1 268.7 281.4 268.2 285.3 261.2 292.4 257.8 296.4 258.9 300.0 258.6 304.9 260.2 309.3 260.4 314.5 263.3 320.0 269.9 321.2 279.1 319.7 281.7 319.8 284.7 326.6 290.8 328.5 297.6 332.0 299.6 337.8 299.4 342.6 298.1 344.6 294.6 348.0 293.7 351.1 294.3 355.5 291.6 357.9 287.2 361.6 284.7 365.4 280.0 371.6 278.3 376.0 278.5 383.9 282.9 386.0 285.2 388.2 290.5 388.0 295.0 382.6 304.5 384.0 307.1 387.5 309.0 393.0 315.6 394.0 319.0 393.3 324.3 390.3 329.5 388.0 331.7 383.4 333.7 385.3 340.5 384.1 346.7 382.1 350.2 377.9 353.6 374.5 354.5 372.8 353.5 369.4 354.5 365.5 361.5 365.8 362.8 364.8 374.9 359.9 383.6 358.0 384.8 351.9 386.5 347.9 385.4 342.7 387.6 341.2 390.3 338.0 391.9 331.0 393.1 326.6 390.7 321.5 390.6 319.5 394.1 319.8 397.7 318.7 401.7 320.0 406.5 322.5 410.2 323.0 414.4 321.9 418.4 319.0 423.6 316.1 426.6 311.4 428.0 308.2 427.4 303.5 428.7 300.6 431.7 301.0 433.1 297.6 439.2 293.4 442.5 286.4 443.7 279.4 439.8 277.3 437.5 270.6 442.3 267.2 443.2 262.7 443.0
0 832.9 584.0 826.8 580.6 826.2 578.5 829.1 575.5 835.2 573.8 840.4 576.8 841.0 578.8 838.5 583.2 832.9 584.0
0 781.1 716.7 766.3 708.3 764.7 705.1 760.4 700.4 759.5 697.0 759.7 692.5 761.7 689.1 758.1 684.2 759.0 679.5 758.6 675.2 757.3 673.4 752.9 670.9 751.6 666.2 751.8 661.7 750.9 658.3 744.9 652.6 742.2 643.1 730.9 636.7 728.7 631.5 729.8 627.5 735.5 621.5 739.7 621.0 742.3 619.6 742.0 616.0 744.1 610.3 749.0 609.6 752.5 603.5 752.7 599.1 755.1 594.7 757.0 593.5 763.0 594.0 766.4 593.0 767.7 584.6 770.2 580.2 772.0 579.0 779.7 577.6 781.2 574.9 786.4 572.7 788.2 573.7 794.0 573.6 798.0 574.7 805.0 578.6 807.2 578.7 815.4 576.4 821.1 578.5 822.8 584.6 821.1 591.7 815.9 596.8 813.0 596.9 807.8 599.1 806.7 603.1 803.2 609.2 799.1 610.3 795.7 616.4 796.8 620.5 794.0 623.5 791.6 627.8 791.3 632.3 789.8 637.2 791.3 642.6 789.3 646.1 786.6 646.9 785.1 649.5 778.7 652.7 774.3 660.6 774.2 662.8 777.0 673.0 779.1 675.4 780.5 680.1 776.1 688.0 775.5 691.1 779.2 701.8 784.8 706.1 786.1 710.9 784.2 714.3 781.1 716.7
0 275.3 269.9 270.9 267.5 269.6 262.7 277.6 259.7 282.8 262.7 283.4 264.7 280.9 269.1 275.3 269.9
0 220.8 403.3 215.5 400.4 213.9 397.2 209.1 395.6 204.4 389.6 201.5 381.6 204.0 375.0 200.5 370.1 200.0 360.7 195.3 356.9 194.0 352.1 194.6 349.0 192.4 343.7 188.5 340.4 186.3 335.2 186.8 334.3 184.6 329.0 173.3 322.6 171.1 317.4 173.6 310.8 177.8 307.4 184.6 305.5 184.1 298.3 186.1 294.8 191.0 294.2 194.8 289.5 194.4 288.1 197.9 282.0 201.7 282.4 211.8 281.8 210.0 272.7 213.9 265.8 222.9 264.0 226.3 260.1 233.3 258.9 238.6 259.6 246.5 264.0 248.7 264.1 255.5 262.2 262.2 262.6 264.8 269.2 263.5 277.6 262.1 278.0 259.7 282.4 251.9 286.0 250.4 288.6 250.7 292.2 247.7 297.4 248.0 301.0 241.6 304.3 239.6 307.8 235.9 310.3 231.5 318.1 229.8 325.2 231.7 332.0 227.0 336.3 222.9 337.4 220.6 339.5 217.6 344.8 216.9 350.1 218.6 356.2 223.2 362.3 223.7 366.6 219.3 374.4 219.2 376.6 221.3 384.1 224.2 389.2 227.6 391.2 229.0 395.9 226.4 402.5 220.8 403.3
0 252.0 297.0 251.0 293.6 254.1 294.2 252.0 297.0
