0 323.0 398.5 315.0 396.5 306.0 387.5 305.0 388.5 297.0 386.5 293.0 382.5 289.0 381.5 284.5 376.0 284.5 368.0 286.5 362.0 284.0 359.5 271.0 359.5 268.0 358.5 264.5 355.0 262.5 350.0 262.5 344.0 265.5 338.0 265.5 331.0 267.5 327.0 275.5 321.0 274.5 320.0 274.5 310.0 278.0 305.5 281.0 304.5 288.0 304.5 292.0 307.5 294.5 305.0 295.5 302.0 301.0 296.5 303.0 295.5 309.0 295.5 312.0 296.5 314.5 300.0 314.5 302.0 319.0 306.5 322.0 308.5 326.0 305.5 331.0 305.5 338.0 300.5 342.0 298.5 351.0 298.5 354.0 299.5 358.5 305.0 358.5 310.0 359.5 315.0 363.5 319.0 366.5 326.0 366.5 337.0 365.5 340.0 362.5 343.0 361.5 346.0 365.5 350.0 365.5 358.0 362.5 364.0 357.0 368.5 355.0 368.5 351.5 373.0 349.5 382.0 346.0 385.5 333.0 389.5 331.5 392.0 323.0 398.5
0 963.0 398.5 957.0 397.5 953.0 395.5 946.0 388.5 942.0 388.5 936.0 385.5 934.0 383.5 929.0 381.5 924.5 376.0 924.5 365.0 925.5 362.0 924.0 360.5 915.0 360.5 907.0 358.5 904.5 356.0 902.5 352.0 902.5 342.0 905.5 337.0 905.5 330.0 906.5 328.0 911.0 323.5 914.5 321.0 914.5 316.0 913.5 311.0 914.5 308.0 917.0 305.5 923.0 302.5 929.0 302.5 931.0 304.5 934.0 303.5 939.0 297.5 943.0 295.5 950.0 295.5 953.0 296.5 956.5 302.0 961.0 306.5 967.0 304.5 971.0 304.5 982.0 298.5 991.0 298.5 995.0 300.5 998.5 304.0 998.5 309.0 999.5 314.0 1005.5 322.0 1006.5 325.0 1006.5 338.0 1002.5 343.0 1002.5 347.0 1005.5 350.0 1005.5 358.0 1003.5 363.0 1000.0 366.5 996.0 368.5 991.5 373.0 990.5 375.0 990.5 382.0 989.5 384.0 986.0 385.5 981.0 389.5 975.0 389.5 973.0 390.5 968.0 395.5 963.0 398.5
0 835.0 464.5 828.0 463.5 823.5 458.0 823.5 454.0 821.5 450.0 816.5 444.0 816.5 431.0 813.5 426.0 813.5 419.0 814.5 417.0 812.5 414.0 810.5 406.0 808.0 403.5 806.0 403.5 801.5 399.0 801.5 393.0 804.5 386.0 801.5 382.0 801.5 375.0 806.0 370.5 809.0 369.5 817.0 369.5 819.5 375.0 822.0 377.5 826.0 375.5 834.0 375.5 837.0 376.5 840.0 379.5 847.0 379.5 851.0 381.5 853.5 384.0 854.5 388.0 857.0 391.5 860.0 389.5 864.0 389.5 868.5 393.0 869.5 398.0 866.0 402.5 862.5 405.0 861.5 409.0 861.5 417.0 862.5 418.0 861.5 423.0 861.5 428.0 863.5 431.0 864.5 438.0 863.5 440.0 858.5 445.0 857.5 453.0 853.0 457.5 843.0 457.5 838.0 463.5 835.0 464.5
0 922.0 462.5 918.0 462.5 912.5 459.0 910.5 456.0 909.5 452.0 901.5 446.0 900.5 443.0 902.5 435.0 902.5 432.0 897.0 429.5 894.5 427.0 893.5 422.0 893.5 411.0 891.5 407.0 892.5 402.0 887.0 398.5 884.5 395.0 884.5 391.0 893.0 382.5 895.0 381.5 909.0 381.5 910.0 380.5 917.0 380.5 920.0 378.5 925.0 378.5 933.0 382.5 939.5 389.0 939.5 394.0 937.5 396.0 943.5 404.0 943.5 409.0 940.5 415.0 938.5 417.0 939.5 419.0 939.5 426.0 938.5 429.0 933.5 434.0 933.5 439.0 937.5 443.0 938.5 448.0 935.0 452.5 929.5 455.0 929.5 456.0 924.0 461.5 922.0 462.5
0 972.0 442.5 969.0 442.5 966.5 441.0 965.5 435.0 966.5 432.0 965.0 430.5 962.0 430.5 957.5 427.0 955.5 420.0 953.5 417.0 953.5 411.0 952.5 410.0 952.5 399.0 956.0 396.5 963.0 397.5 966.0 395.5 971.5 390.0 972.0 388.5 976.0 389.5 990.0 380.5 994.0 380.5 998.5 386.0 998.5 391.0 1001.5 395.0 1001.5 398.0 998.5 402.0 999.5 405.0 999.5 413.0 998.5 415.0 992.5 421.0 993.5 425.0 993.5 431.0 990.0 435.5 985.0 435.5 980.0 434.5 975.0 437.5 972.0 442.5
0 948.0 397.5 946.5 396.0 948.5 395.0 948.0 397.5
0 1147.0 491.5 1141.0 490.5 1137.5 486.0 1137.5 482.0 1136.0 480.5 1130.5 478.0 1130.5 470.0 1132.5 463.0 1129.5 457.0 1128.5 449.0 1125.5 444.0 1117.5 437.0 1117.5 431.0 1121.0 427.5 1127.0 426.5 1129.5 422.0 1135.0 418.5 1143.0 418.5 1147.0 422.5 1151.0 424.5 1154.0 423.5 1161.0 423.5 1164.5 428.0 1164.5 437.0 1161.5 442.0 1164.5 448.0 1168.5 452.0 1168.5 458.0 1165.5 462.0 1165.5 468.0 1162.5 474.0 1162.5 478.0 1164.5 482.0 1161.0 486.5 1159.0 487.5 1153.0 487.5 1147.0 491.5
0 1103.0 444.5 1098.5 442.0 1097.0 438.5 1094.0 438.5 1090.0 440.5 1085.0 440.5 1082.5 438.0 1081.5 434.0 1082.5 430.0 1088.5 423.0 1093.5 412.0 1099.5 406.0 1100.5 402.0 1103.0 399.5 1108.0 398.5 1113.0 398.5 1116.5 403.0 1116.5 408.0 1111.5 413.0 1110.5 417.0 1104.5 425.0 1104.5 428.0 1110.5 434.0 1110.5 440.0 1107.0 443.5 1103.0 444.5
0 1210.0 473.5 1204.0 473.5 1202.0 472.5 1195.0 466.5 1191.0 466.5 1187.0 469.5 1180.0 469.5 1178.0 468.5 1170.5 461.0 1169.5 455.0 1172.5 447.0 1175.0 444.5 1178.5 443.0 1178.5 441.0 1175.5 436.0 1174.5 432.0 1174.5 421.0 1173.5 419.0 1170.0 417.5 1166.5 414.0 1166.5 409.0 1167.5 408.0 1167.5 401.0 1169.5 396.0 1172.0 394.5 1178.0 394.5 1180.5 392.0 1180.5 382.0 1184.5 377.0 1179.5 372.0 1177.0 368.5 1171.0 368.5 1167.5 366.0 1167.5 362.0 1170.5 357.0 1173.0 354.5 1178.0 354.5 1183.5 359.0 1183.5 361.0 1188.5 366.0 1191.0 369.5 1197.0 369.5 1202.0 375.5 1206.5 371.0 1208.5 367.0 1213.0 364.5 1216.0 364.5 1218.5 360.0 1221.0 358.5 1224.0 358.5 1227.5 357.0 1228.5 351.0 1232.0 347.5 1237.0 348.5 1239.5 344.0 1239.5 341.0 1242.5 334.0 1242.5 331.0 1245.0 327.5 1249.0 327.5 1254.0 325.5 1258.0 325.5 1262.0 328.5 1266.5 333.0 1268.5 337.0 1268.5 347.0 1267.5 349.0 1261.0 355.5 1256.0 357.5 1246.0 357.5 1246.5 365.0 1247.5 366.0 1244.5 375.0 1238.0 381.5 1232.0 381.5 1230.5 383.0 1231.5 389.0 1232.5 390.0 1233.5 396.0 1237.0 398.5 1245.0 399.5 1246.0 400.5 1251.0 400.5 1252.5 404.0 1250.5 407.0 1250.5 411.0 1247.0 417.5 1240.0 417.5 1235.0 412.5 1232.0 412.5 1226.0 420.5 1223.0 421.5 1220.5 424.0 1219.5 427.0 1224.0 429.5 1228.5 434.0 1230.5 439.0 1230.5 444.0 1227.5 451.0 1224.0 454.5 1219.5 457.0 1219.5 463.0 1218.5 467.0 1213.0 472.5 1210.0 473.5
1 318.0 303.5 316.5 303.0 314.5 298.0 314.5 291.0 316.5 287.0 316.5 283.0 321.0 278.5 324.5 281.0 324.5 286.0 319.5 295.0 319.5 301.0 318.0 303.5
1 958.0 305.5 956.0 305.5 954.5 303.0 954.5 298.0 955.5 297.0 955.5 291.0 956.5 287.0 958.0 285.5 962.5 291.0 961.5 298.0 963.5 302.0 961.0 304.5 958.0 305.5
0 196.0 464.5 191.0 464.5 187.0 462.5 183.5 457.0 182.5 452.0 176.5 443.0 176.5 431.0 173.5 425.0 173.5 419.0 174.5 417.0 171.5 412.0 170.5 407.0 168.0 405.5 161.5 399.0 161.5 393.0 164.5 386.0 161.5 382.0 161.5 375.0 166.0 370.5 168.0 369.5 177.0 369.5 182.0 377.5 186.0 375.5 194.0 375.5 198.0 377.5 201.0 380.5 209.0 380.5 213.5 384.0 215.5 392.0 218.0 392.5 220.0 390.5 225.0 390.5 228.5 393.0 229.5 395.0 228.5 399.0 225.0 401.5 222.5 405.0 221.5 409.0 221.5 418.0 222.5 419.0 221.5 423.0 221.5 429.0 223.5 432.0 224.5 438.0 223.5 440.0 218.5 444.0 218.5 450.0 217.5 453.0 213.0 457.5 202.0 457.5 196.0 464.5
0 282.0 462.5 276.0 461.5 270.5 456.0 269.5 451.0 266.0 449.5 261.5 445.0 261.5 436.0 263.5 433.0 261.0 430.5 259.0 430.5 255.5 428.0 253.5 422.0 253.5 411.0 252.5 410.0 252.5 403.0 248.0 398.5 245.5 397.0 244.5 392.0 245.5 390.0 253.0 382.5 255.0 381.5 260.0 381.5 264.0 382.5 265.0 381.5 270.0 381.5 271.0 380.5 276.0 380.5 279.0 378.5 283.0 377.5 288.0 380.5 292.0 381.5 299.5 389.0 299.5 394.0 297.5 398.0 301.5 401.0 303.5 405.0 301.5 414.0 298.5 418.0 299.5 419.0 299.5 426.0 298.5 429.0 293.5 434.0 293.5 439.0 297.5 443.0 298.5 448.0 294.0 453.5 291.0 454.5 284.0 461.5 282.0 462.5
0 332.0 442.5 329.0 441.5 326.5 438.0 326.5 431.0 320.0 429.5 317.5 426.0 316.5 421.0 313.5 417.0 313.5 411.0 312.5 410.0 312.5 399.0 317.0 396.5 318.0 397.5 324.0 397.5 327.0 395.5 331.5 391.0 333.0 388.5 337.0 388.5 340.0 386.5 346.0 384.5 351.0 380.5 357.0 382.5 358.5 385.0 358.5 389.0 361.5 395.0 361.5 398.0 358.5 402.0 359.5 404.0 359.5 409.0 360.5 410.0 359.5 414.0 356.0 416.5 351.5 421.0 353.5 426.0 353.5 431.0 350.0 435.5 347.0 436.5 343.0 434.5 340.0 434.5 335.0 436.5 332.0 442.5
0 509.0 491.5 504.0 491.5 501.0 490.5 497.5 487.0 497.5 483.0 495.0 480.5 492.0 479.5 489.5 477.0 489.5 469.0 490.5 468.0 491.5 462.0 488.5 454.0 488.5 448.0 487.5 446.0 481.0 439.5 478.5 438.0 478.5 431.0 482.0 427.5 487.0 426.5 492.0 420.5 496.0 418.5 502.0 418.5 509.0 423.5 513.0 424.5 516.0 422.5 521.0 423.5 523.5 426.0 523.5 436.0 521.5 442.0 523.5 448.0 527.5 452.0 527.5 458.0 524.5 463.0 525.5 468.0 521.5 476.0 524.5 482.0 517.0 489.5 513.0 488.5 509.0 491.5
0 571.0 473.5 563.0 473.5 561.0 472.5 555.0 466.5 552.0 466.5 547.0 469.5 541.0 470.5 537.0 468.5 530.5 462.0 529.5 459.0 529.5 452.0 532.5 447.0 538.5 442.0 534.5 433.0 534.5 421.0 531.0 417.5 529.0 417.5 526.5 415.0 525.5 412.0 527.5 408.0 527.5 401.0 528.5 397.0 531.0 394.5 537.0 394.5 540.5 392.0 540.5 382.0 543.5 378.0 543.5 376.0 537.0 368.5 531.0 368.5 526.5 366.0 526.5 362.0 533.0 354.5 536.0 353.5 542.5 357.0 545.5 363.0 552.0 369.5 557.0 369.5 562.0 375.5 566.5 371.0 566.5 370.0 571.0 365.5 576.0 364.5 577.5 361.0 582.0 357.5 586.0 357.5 588.5 354.0 588.5 351.0 592.0 347.5 597.0 348.5 600.5 343.0 600.5 337.0 601.5 332.0 604.0 327.5 612.0 325.5 618.0 325.5 620.0 326.5 626.5 333.0 628.5 336.0 628.5 347.0 625.5 352.0 623.0 354.5 616.0 357.5 608.0 357.5 606.5 359.0 606.5 372.0 605.5 374.0 600.0 379.5 597.0 381.5 591.5 382.0 591.5 388.0 594.5 394.0 594.5 397.0 597.0 399.5 604.0 402.5 604.5 404.0 608.5 407.0 608.5 413.0 606.0 416.5 602.0 416.5 598.0 412.5 595.0 411.5 591.0 412.5 590.5 414.0 578.5 426.0 578.5 427.0 584.0 430.5 588.5 435.0 590.5 443.0 588.5 446.0 586.5 452.0 579.5 457.0 579.5 464.0 576.0 470.5 571.0 473.5
0 466.0 443.5 461.0 443.5 456.0 438.5 453.0 438.5 449.0 440.5 444.0 439.5 441.5 436.0 442.5 429.0 449.5 421.0 449.5 419.0 452.5 413.0 459.5 406.0 462.0 400.5 467.0 398.5 473.0 398.5 475.5 401.0 476.5 404.0 475.5 409.0 470.5 414.0 469.5 418.0 464.5 426.0 464.5 428.0 469.5 433.0 470.5 439.0 468.0 442.5 466.0 443.5
0 0.0 213.5 2.0 213.5 7.0 217.5 10.5 222.0 11.5 227.0 11.5 232.0 13.0 233.5 19.0 233.5 25.0 235.5 31.5 242.0 34.5 247.0 35.5 253.0 34.5 257.0 31.5 261.0 32.5 268.0 33.5 269.0 33.5 279.0 32.5 281.0 35.0 283.5 40.0 285.5 45.5 291.0 48.5 298.0 48.5 307.0 46.5 312.0 41.0 317.5 30.0 322.5 27.0 325.5 23.5 327.0 24.5 330.0 24.5 338.0 23.5 342.0 21.0 345.5 18.5 347.0 17.5 352.0 21.5 358.0 21.5 370.0 18.5 376.0 13.0 380.5 5.0 383.5 0.0 383.5
0 648.0 382.5 643.0 382.5 640.5 380.0 640.5 347.0 637.5 341.0 637.5 324.0 638.5 320.0 635.5 315.0 635.5 310.0 637.5 308.0 639.5 301.0 639.5 295.0 642.5 289.0 642.5 281.0 640.5 278.0 639.5 274.0 639.5 245.0 638.5 244.0 639.5 239.0 639.5 216.0 642.0 213.5 645.0 215.5 649.5 220.0 650.5 222.0 651.5 231.0 655.0 233.5 661.0 233.5 667.0 236.5 671.5 241.0 674.5 246.0 675.5 250.0 675.5 256.0 672.5 261.0 672.5 266.0 673.5 267.0 673.5 281.0 676.0 283.5 679.0 284.5 685.5 291.0 688.5 297.0 688.5 308.0 685.5 314.0 675.0 320.5 672.0 321.5 669.0 324.5 663.5 327.0 664.5 331.0 664.5 337.0 661.5 344.0 658.5 347.0 657.5 352.0 660.5 357.0 660.5 372.0 658.5 376.0 655.0 379.5 651.0 380.5 648.0 382.5
