0 912.0 528.5 921.0 528.5 923.0 527.5 931.5 519.0 933.0 515.5 942.0 515.5 948.0 513.5 954.5 507.0 956.5 501.0 959.0 497.5 965.0 495.5 969.5 491.0 972.5 485.0 972.5 475.0 971.5 474.0 972.5 468.0 977.0 466.5 982.0 463.5 986.5 456.0 987.5 453.0 987.5 445.0 986.5 442.0 989.5 438.0 989.5 433.0 990.5 432.0 990.5 425.0 989.5 420.0 987.5 416.0 988.5 415.0 991.5 405.0 991.5 398.0 994.0 394.5 997.5 392.0 999.5 387.0 998.5 379.0 994.5 373.0 994.5 366.0 991.5 358.0 994.5 353.0 997.5 350.0 999.5 344.0 998.5 337.0 993.0 331.5 988.0 329.5 980.0 329.5 977.5 328.0 977.5 323.0 978.5 319.0 975.5 310.0 971.0 305.5 969.0 304.5 959.0 304.5 956.0 305.5 949.5 312.0 947.0 315.5 943.0 316.5 941.5 315.0 938.0 308.5 932.0 307.5 929.5 305.0 926.5 297.0 920.0 289.5 915.0 287.5 904.0 287.5 902.5 286.0 901.5 281.0 897.0 277.5 891.0 277.5 883.0 280.5 880.5 283.0 877.5 290.0 877.5 296.0 880.5 301.0 879.0 303.5 876.0 304.5 871.5 309.0 867.5 317.0 867.5 321.0 864.0 323.5 858.5 329.0 856.5 333.0 856.5 341.0 857.5 343.0 863.0 349.5 866.0 350.5 868.5 354.0 868.5 357.0 871.5 363.0 872.5 371.0 876.5 377.0 883.0 380.5 893.0 380.5 895.0 381.5 894.5 386.0 892.5 389.0 891.5 394.0 891.5 400.0 887.5 404.0 884.5 411.0 884.5 417.0 889.5 425.0 889.5 436.0 887.5 441.0 886.5 447.0 882.5 451.0 881.5 454.0 881.5 461.0 883.5 465.0 886.5 467.0 887.5 470.0 887.5 475.0 888.5 479.0 887.0 481.5 883.0 482.5 880.5 485.0 879.5 488.0 876.5 492.0 875.5 499.0 877.5 505.0 884.0 511.5 890.0 513.5 897.0 513.5 898.5 516.0 906.0 524.5 912.0 528.5
0 276.0 528.5 281.0 527.5 286.0 523.5 291.5 518.0 293.0 515.5 301.0 515.5 302.0 514.5 308.0 513.5 314.5 507.0 316.5 502.0 322.0 496.5 325.0 495.5 329.5 491.0 332.5 486.0 332.5 475.0 330.5 472.0 334.0 468.5 339.0 466.5 345.5 460.0 347.5 456.0 347.5 444.0 346.5 442.0 349.5 438.0 350.5 434.0 350.5 425.0 347.5 417.0 348.5 412.0 351.5 406.0 352.5 398.0 357.5 393.0 359.5 389.0 359.5 380.0 358.5 377.0 355.5 373.0 355.5 366.0 353.5 361.0 353.5 356.0 357.5 351.0 359.5 347.0 359.5 339.0 357.5 335.0 352.0 330.5 349.0 329.5 341.0 329.5 337.5 327.0 338.5 325.0 338.5 317.0 335.5 310.0 331.0 305.5 329.0 304.5 318.0 304.5 313.0 307.5 309.5 313.0 307.0 315.5 304.0 316.5 301.5 314.0 300.5 311.0 298.0 308.5 291.0 306.5 288.5 304.0 286.5 297.0 283.5 293.0 279.0 288.5 276.0 287.5 271.0 287.5 270.0 286.5 264.0 286.5 262.5 285.0 262.5 282.0 257.0 277.5 250.0 277.5 244.0 279.5 239.5 284.0 237.5 289.0 237.5 297.0 240.5 301.0 239.0 303.5 236.0 304.5 231.5 309.0 227.5 317.0 227.5 321.0 223.0 323.5 219.5 327.0 216.5 333.0 216.5 341.0 218.5 345.0 224.0 350.5 226.0 350.5 228.5 354.0 228.5 357.0 231.5 363.0 232.5 370.0 235.5 375.0 239.0 378.5 243.0 380.5 252.0 380.5 255.5 383.0 253.5 386.0 252.5 390.0 252.5 395.0 251.5 396.0 251.5 401.0 249.0 402.5 245.5 408.0 244.5 411.0 244.5 416.0 249.5 425.0 249.5 435.0 246.5 447.0 241.5 453.0 241.5 462.0 242.5 464.0 247.5 469.0 247.5 475.0 248.5 476.0 248.5 481.0 247.0 482.5 244.0 482.5 241.5 485.0 240.5 488.0 237.5 491.0 236.5 495.0 236.5 503.0 238.5 506.0 244.0 511.5 246.0 512.5 251.0 512.5 252.0 513.5 258.0 512.5 260.5 515.0 261.5 518.0 266.0 523.5 271.0 525.5 276.0 528.5
0 946.0 569.5 959.0 569.5 964.0 567.5 969.5 563.0 970.5 560.0 973.0 557.5 978.0 555.5 982.5 551.0 984.5 546.0 984.5 539.0 983.5 538.0 983.5 533.0 987.0 530.5 993.5 524.0 994.5 518.0 995.5 517.0 992.5 510.0 987.0 505.5 984.0 504.5 976.0 503.5 971.0 505.5 967.0 508.5 960.0 508.5 958.0 507.5 948.0 517.5 945.0 518.5 935.0 518.5 929.5 523.0 921.5 531.0 921.5 538.0 924.5 543.0 928.0 546.5 935.0 549.5 936.5 551.0 936.5 560.0 940.5 565.0 942.0 568.5 946.0 569.5
0 797.0 547.5 799.0 547.5 802.5 544.0 802.5 541.0 790.0 528.5 786.0 528.5 782.5 531.0 781.5 534.0 781.5 540.0 784.0 544.5 790.0 546.5 796.0 546.5 797.0 547.5
0 827.0 570.5 829.0 570.5 835.5 565.0 836.5 562.0 836.5 556.0 833.5 546.0 837.5 542.0 838.5 538.0 837.0 535.5 833.0 534.5 830.0 535.5 823.0 540.5 820.5 544.0 812.0 548.5 809.0 549.5 803.0 548.5 801.5 550.0 801.5 553.0 803.5 559.0 809.0 561.5 814.0 561.5 818.0 563.5 823.0 568.5 827.0 570.5
0 642.0 643.5 644.0 643.5 647.5 640.0 649.5 636.0 648.5 633.0 651.0 630.5 663.0 630.5 665.0 629.5 669.5 624.0 669.5 615.0 665.5 609.0 665.5 604.0 666.5 603.0 669.5 593.0 669.5 585.0 668.5 580.0 665.5 570.0 662.5 565.0 655.5 559.0 655.5 558.0 644.0 546.5 641.5 548.0 641.5 580.0 640.5 581.0 640.5 591.0 641.5 592.0 641.5 599.0 640.5 600.0 640.5 628.0 641.5 629.0 641.5 643.0 642.0 643.5
0 312.0 569.5 319.0 569.5 327.0 565.5 329.5 563.0 330.5 560.0 334.0 556.5 338.0 555.5 341.5 552.0 343.5 548.0 344.5 541.0 342.5 538.0 342.5 534.0 345.0 531.5 348.0 530.5 353.5 525.0 355.5 520.0 355.5 516.0 353.5 511.0 348.0 505.5 341.0 503.5 338.0 501.5 332.0 502.5 325.0 506.5 318.0 506.5 307.0 517.5 304.0 518.5 296.0 518.5 293.0 519.5 281.5 531.0 281.5 538.0 284.5 543.0 288.0 546.5 295.0 549.5 297.5 553.0 296.5 554.0 296.5 559.0 297.5 561.0 301.5 564.0 301.5 566.0 304.0 568.5 311.0 568.5 312.0 569.5
0 133.0 517.5 134.5 517.0 134.5 511.0 131.5 512.0 131.5 515.0 133.0 517.5
0 157.0 547.5 160.0 547.5 162.5 545.0 162.5 541.0 150.0 528.5 146.0 528.5 142.5 532.0 141.5 535.0 141.5 540.0 142.5 543.0 146.0 545.5 151.0 546.5 156.0 546.5 157.0 547.5
0 186.0 569.5 191.0 569.5 193.0 568.5 196.5 562.0 196.5 556.0 194.5 553.0 193.5 547.0 197.5 543.0 199.5 537.0 197.0 534.5 192.0 534.5 185.0 537.5 181.0 541.5 176.0 543.5 167.0 548.5 164.0 548.5 162.5 550.0 162.5 555.0 163.5 558.0 166.0 560.5 173.0 560.5 177.0 562.5 182.0 567.5 186.0 569.5
0 1.0 645.5 3.0 645.5 7.5 642.0 9.5 638.0 9.5 633.0 12.0 630.5 22.0 630.5 26.0 628.5 29.5 624.0 29.5 617.0 25.5 611.0 25.5 603.0 27.5 600.0 28.5 594.0 29.5 593.0 29.5 586.0 28.5 585.0 28.5 580.0 25.5 572.0 25.5 569.0 23.5 565.0 20.0 561.5 17.0 560.5 15.5 557.0 12.0 554.5 3.0 545.5 1.0 545.5
1 938.0 309.5 940.5 307.0 942.5 302.0 943.5 296.0 946.5 292.0 947.5 286.0 945.0 283.5 942.0 283.5 938.5 287.0 934.5 296.0 933.5 300.0 933.5 307.0 938.0 309.5
1 296.0 308.5 299.0 308.5 300.5 307.0 303.5 301.0 303.5 297.0 306.5 293.0 307.5 286.0 303.0 282.5 301.0 283.5 295.5 292.0 294.5 298.0 292.5 302.0 292.5 306.0 296.0 308.5
