0 368.0 528.5 359.0 528.5 357.0 527.5 348.5 519.0 347.0 515.5 338.0 515.5 332.0 513.5 325.5 507.0 323.5 501.0 321.0 497.5 315.0 495.5 310.5 491.0 307.5 485.0 307.5 475.0 308.5 474.0 307.5 468.0 303.0 466.5 298.0 463.5 293.5 456.0 292.5 453.0 292.5 445.0 293.5 442.0 290.5 438.0 290.5 433.0 289.5 432.0 289.5 425.0 290.5 420.0 292.5 416.0 291.5 415.0 288.5 405.0 288.5 398.0 286.0 394.5 282.5 392.0 280.5 387.0 281.5 379.0 285.5 373.0 285.5 366.0 288.5 358.0 285.5 353.0 282.5 350.0 280.5 344.0 281.5 337.0 287.0 331.5 292.0 329.5 300.0 329.5 302.5 328.0 302.5 323.0 301.5 319.0 304.5 310.0 309.0 305.5 311.0 304.5 321.0 304.5 324.0 305.5 330.5 312.0 333.0 315.5 337.0 316.5 338.5 315.0 342.0 308.5 348.0 307.5 350.5 305.0 353.5 297.0 360.0 289.5 365.0 287.5 376.0 287.5 377.5 286.0 378.5 281.0 383.0 277.5 389.0 277.5 397.0 280.5 399.5 283.0 402.5 290.0 402.5 296.0 399.5 301.0 401.0 303.5 404.0 304.5 408.5 309.0 412.5 317.0 412.5 321.0 416.0 323.5 421.5 329.0 423.5 333.0 423.5 341.0 422.5 343.0 417.0 349.5 414.0 350.5 411.5 354.0 411.5 357.0 408.5 363.0 407.5 371.0 403.5 377.0 397.0 380.5 387.0 380.5 385.0 381.5 385.5 386.0 387.5 389.0 388.5 394.0 388.5 400.0 392.5 404.0 395.5 411.0 395.5 417.0 390.5 425.0 390.5 436.0 392.5 441.0 393.5 447.0 397.5 451.0 398.5 454.0 398.5 461.0 396.5 465.0 393.5 467.0 392.5 470.0 392.5 475.0 391.5 479.0 393.0 481.5 397.0 482.5 399.5 485.0 400.5 488.0 403.5 492.0 404.5 499.0 402.5 505.0 396.0 511.5 390.0 513.5 383.0 513.5 381.5 516.0 374.0 524.5 368.0 528.5
0 1004.0 528.5 999.0 527.5 994.0 523.5 988.5 518.0 987.0 515.5 979.0 515.5 978.0 514.5 972.0 513.5 965.5 507.0 963.5 502.0 958.0 496.5 955.0 495.5 950.5 491.0 947.5 486.0 947.5 475.0 949.5 472.0 946.0 468.5 941.0 466.5 934.5 460.0 932.5 456.0 932.5 444.0 933.5 442.0 930.5 438.0 929.5 434.0 929.5 425.0 932.5 417.0 931.5 412.0 928.5 406.0 927.5 398.0 922.5 393.0 920.5 389.0 920.5 380.0 921.5 377.0 924.5 373.0 924.5 366.0 926.5 361.0 926.5 356.0 922.5 351.0 920.5 347.0 920.5 339.0 922.5 335.0 928.0 330.5 931.0 329.5 939.0 329.5 942.5 327.0 941.5 325.0 941.5 317.0 944.5 310.0 949.0 305.5 951.0 304.5 962.0 304.5 967.0 307.5 970.5 313.0 973.0 315.5 976.0 316.5 978.5 314.0 979.5 311.0 982.0 308.5 989.0 306.5 991.5 304.0 993.5 297.0 996.5 293.0 1001.0 288.5 1004.0 287.5 1009.0 287.5 1010.0 286.5 1016.0 286.5 1017.5 285.0 1017.5 282.0 1023.0 277.5 1030.0 277.5 1036.0 279.5 1040.5 284.0 1042.5 289.0 1042.5 297.0 1039.5 301.0 1041.0 303.5 1044.0 304.5 1048.5 309.0 1052.5 317.0 1052.5 321.0 1057.0 323.5 1060.5 327.0 1063.5 333.0 1063.5 341.0 1061.5 345.0 1056.0 350.5 1054.0 350.5 1051.5 354.0 1051.5 357.0 1048.5 363.0 1047.5 370.0 1044.5 375.0 1041.0 378.5 1037.0 380.5 1028.0 380.5 1024.5 383.0 1026.5 386.0 1027.5 390.0 1027.5 395.0 1028.5 396.0 1028.5 401.0 1031.0 402.5 1034.5 408.0 1035.5 411.0 1035.5 416.0 1030.5 425.0 1030.5 435.0 1033.5 447.0 1038.5 453.0 1038.5 462.0 1037.5 464.0 1032.5 469.0 1032.5 475.0 1031.5 476.0 1031.5 481.0 1033.0 482.5 1036.0 482.5 1038.5 485.0 1039.5 488.0 1042.5 491.0 1043.5 495.0 1043.5 503.0 1041.5 506.0 1036.0 511.5 1034.0 512.5 1029.0 512.5 1028.0 513.5 1022.0 512.5 1019.5 515.0 1018.5 518.0 1014.0 523.5 1009.0 525.5 1004.0 528.5
0 334.0 569.5 321.0 569.5 316.0 567.5 310.5 563.0 309.5 560.0 307.0 557.5 302.0 555.5 297.5 551.0 295.5 546.0 295.5 539.0 296.5 538.0 296.5 533.0 293.0 530.5 286.5 524.0 285.5 518.0 284.5 517.0 287.5 510.0 293.0 505.5 296.0 504.5 304.0 503.5 309.0 505.5 313.0 508.5 320.0 508.5 322.0 507.5 332.0 517.5 335.0 518.5 345.0 518.5 350.5 523.0 358.5 531.0 358.5 538.0 355.5 543.0 352.0 546.5 345.0 549.5 343.5 551.0 343.5 560.0 339.5 565.0 338.0 568.5 334.0 569.5
0 483.0 547.5 481.0 547.5 477.5 544.0 477.5 541.0 490.0 528.5 494.0 528.5 497.5 531.0 498.5 534.0 498.5 540.0 496.0 544.5 490.0 546.5 484.0 546.5 483.0 547.5
0 453.0 570.5 451.0 570.5 444.5 565.0 443.5 562.0 443.5 556.0 446.5 546.0 442.5 542.0 441.5 538.0 443.0 535.5 447.0 534.5 450.0 535.5 457.0 540.5 459.5 544.0 468.0 548.5 471.0 549.5 477.0 548.5 478.5 550.0 478.5 553.0 476.5 559.0 471.0 561.5 466.0 561.5 462.0 563.5 457.0 568.5 453.0 570.5
0 638.0 643.5 636.0 643.5 632.5 640.0 630.5 636.0 631.5 633.0 629.0 630.5 617.0 630.5 615.0 629.5 610.5 624.0 610.5 615.0 614.5 609.0 614.5 604.0 613.5 603.0 610.5 593.0 610.5 585.0 611.5 580.0 614.5 570.0 617.5 565.0 624.5 559.0 624.5 558.0 636.0 546.5 638.5 548.0 638.5 580.0 639.5 581.0 639.5 591.0 638.5 592.0 638.5 599.0 639.5 600.0 639.5 628.0 638.5 629.0 638.5 643.0 638.0 643.5
0 968.0 569.5 961.0 569.5 953.0 565.5 950.5 563.0 949.5 560.0 946.0 556.5 942.0 555.5 938.5 552.0 936.5 548.0 935.5 541.0 937.5 538.0 937.5 534.0 935.0 531.5 932.0 530.5 926.5 525.0 924.5 520.0 924.5 516.0 926.5 511.0 932.0 505.5 939.0 503.5 942.0 501.5 948.0 502.5 955.0 506.5 962.0 506.5 973.0 517.5 976.0 518.5 984.0 518.5 987.0 519.5 998.5 531.0 998.5 538.0 995.5 543.0 992.0 546.5 985.0 549.5 982.5 553.0 983.5 554.0 983.5 559.0 982.5 561.0 978.5 564.0 978.5 566.0 976.0 568.5 969.0 568.5 968.0 569.5
0 1147.0 517.5 1145.5 517.0 1145.5 511.0 1148.5 512.0 1148.5 515.0 1147.0 517.5
0 1123.0 547.5 1120.0 547.5 1117.5 545.0 1117.5 541.0 1130.0 528.5 1134.0 528.5 1137.5 532.0 1138.5 535.0 1138.5 540.0 1137.5 543.0 1134.0 545.5 1129.0 546.5 1124.0 546.5 1123.0 547.5
0 1094.0 569.5 1089.0 569.5 1087.0 568.5 1083.5 562.0 1083.5 556.0 1085.5 553.0 1086.5 547.0 1082.5 543.0 1080.5 537.0 1083.0 534.5 1088.0 534.5 1095.0 537.5 1099.0 541.5 1104.0 543.5 1113.0 548.5 1116.0 548.5 1117.5 550.0 1117.5 555.0 1116.5 558.0 1114.0 560.5 1107.0 560.5 1103.0 562.5 1098.0 567.5 1094.0 569.5
0 1279.0 645.5 1277.0 645.5 1272.5 642.0 1270.5 638.0 1270.5 633.0 1268.0 630.5 1258.0 630.5 1254.0 628.5 1250.5 624.0 1250.5 617.0 1254.5 611.0 1254.5 603.0 1252.5 600.0 1251.5 594.0 1250.5 593.0 1250.5 586.0 1251.5 585.0 1251.5 580.0 1254.5 572.0 1254.5 569.0 1256.5 565.0 1260.0 561.5 1263.0 560.5 1264.5 557.0 1268.0 554.5 1277.0 545.5 1279.0 545.5
1 342.0 309.5 339.5 307.0 337.5 302.0 336.5 296.0 333.5 292.0 332.5 286.0 335.0 283.5 338.0 283.5 341.5 287.0 345.5 296.0 346.5 300.0 346.5 307.0 342.0 309.5
1 984.0 308.5 981.0 308.5 979.5 307.0 976.5 301.0 976.5 297.0 973.5 293.0 972.5 286.0 977.0 282.5 979.0 283.5 984.5 292.0 985.5 298.0 987.5 302.0 987.5 306.0 984.0 308.5
