0 396.9 535.1 388.8 535.1 387.0 534.1 379.4 525.2 378.1 521.6 370.0 521.6 364.7 519.5 358.9 512.8 357.1 506.5 354.8 502.9 349.5 500.8 345.5 496.1 342.8 489.9 342.8 479.5 343.7 478.5 342.8 472.2 338.8 470.7 334.3 467.6 330.3 459.8 329.4 456.7 329.4 448.3 330.3 445.2 327.6 441.1 327.6 435.9 326.7 434.8 326.7 427.6 327.6 422.4 329.4 418.2 328.5 417.2 325.8 406.8 325.8 399.5 323.6 395.9 320.4 393.3 318.6 388.1 319.5 379.7 323.1 373.5 323.1 366.2 325.8 357.9 323.1 352.7 320.4 349.6 318.6 343.4 319.5 336.1 324.5 330.4 328.9 328.3 336.1 328.3 338.3 326.7 338.3 321.5 337.4 317.4 340.1 308.0 344.1 303.4 345.9 302.3 354.8 302.3 357.5 303.4 363.3 310.1 365.6 313.8 369.1 314.8 370.5 313.2 373.6 306.5 379.0 305.4 381.2 302.8 383.9 294.5 389.7 286.7 394.2 284.7 404.0 284.7 405.3 283.1 406.2 277.9 410.3 274.3 415.6 274.3 422.8 277.4 425.0 280.0 427.7 287.3 427.7 293.5 425.0 298.7 426.4 301.3 429.0 302.3 433.1 307.0 436.6 315.3 436.6 319.5 439.8 322.1 444.7 327.8 446.5 331.9 446.5 340.3 445.6 342.3 440.7 349.1 438.0 350.1 435.7 353.8 435.7 356.9 433.1 363.1 432.2 371.4 428.6 377.7 422.8 381.3 413.8 381.3 412.1 382.3 412.5 387.0 414.3 390.1 415.2 395.3 415.2 401.6 418.8 405.7 421.4 413.0 421.4 419.2 417.0 427.6 417.0 439.0 418.8 444.2 419.7 450.4 423.2 454.6 424.1 457.7 424.1 465.0 422.3 469.1 419.7 471.2 418.8 474.3 418.8 479.5 417.9 483.7 419.2 486.3 422.8 487.3 425.0 489.9 425.9 493.0 428.6 497.2 429.5 504.5 427.7 510.7 421.9 517.5 416.5 519.5 410.3 519.5 408.9 522.1 402.2 531.0 396.9 535.1
0 965.4 535.1 960.9 534.1 956.4 529.9 951.5 524.2 950.2 521.6 943.0 521.6 942.1 520.6 936.8 519.5 931.0 512.8 929.2 507.6 924.3 501.9 921.6 500.8 917.6 496.1 914.9 490.9 914.9 479.5 916.7 476.4 913.5 472.8 909.1 470.7 903.3 463.9 901.5 459.8 901.5 447.3 902.4 445.2 899.7 441.1 898.8 436.9 898.8 427.6 901.5 419.2 900.6 414.0 897.9 407.8 897.0 399.5 892.5 394.3 890.7 390.1 890.7 380.8 891.6 377.7 894.3 373.5 894.3 366.2 896.1 361.0 896.1 355.8 892.5 350.6 890.7 346.5 890.7 338.2 892.5 334.0 897.4 329.3 900.1 328.3 907.3 328.3 910.4 325.7 909.5 323.6 909.5 315.3 912.2 308.0 916.2 303.4 918.0 302.3 927.8 302.3 932.3 305.4 935.4 311.2 937.7 313.8 940.4 314.8 942.6 312.2 943.5 309.1 945.7 306.5 952.0 304.4 954.2 301.8 956.0 294.5 958.7 290.4 962.7 285.7 965.4 284.7 969.9 284.7 970.7 283.6 976.1 283.6 977.4 282.1 977.4 278.9 982.4 274.3 988.6 274.3 994.0 276.3 998.0 281.0 999.8 286.2 999.8 294.5 997.1 298.7 998.5 301.3 1001.1 302.3 1005.2 307.0 1008.7 315.3 1008.7 319.5 1012.8 322.1 1015.9 325.7 1018.6 331.9 1018.6 340.3 1016.8 344.4 1011.9 350.1 1010.1 350.1 1007.8 353.8 1007.8 356.9 1005.2 363.1 1004.3 370.4 1001.6 375.6 998.5 379.2 994.9 381.3 986.8 381.3 983.7 383.9 985.5 387.0 986.4 391.2 986.4 396.4 987.3 397.4 987.3 402.6 989.5 404.2 992.6 409.9 993.5 413.0 993.5 418.2 989.1 427.6 989.1 437.9 991.8 450.4 996.2 456.7 996.2 466.0 995.3 468.1 990.9 473.3 990.9 479.5 990.0 480.6 990.0 485.8 991.3 487.3 994.0 487.3 996.2 489.9 997.1 493.0 999.8 496.1 1000.7 500.3 1000.7 508.6 998.9 511.7 994.0 517.5 992.2 518.5 987.7 518.5 986.8 519.5 981.5 518.5 979.2 521.1 978.3 524.2 974.3 529.9 969.9 532.0 965.4 535.1
0 366.5 577.7 354.8 577.7 350.4 575.6 345.5 571.0 344.6 567.9 342.3 565.3 337.9 563.2 333.8 558.5 332.0 553.3 332.0 546.0 332.9 545.0 332.9 539.8 329.8 537.2 324.0 530.4 323.1 524.2 322.2 523.2 324.9 515.9 329.8 511.2 332.5 510.2 339.6 509.1 344.1 511.2 347.7 514.3 353.9 514.3 355.7 513.3 364.7 523.7 367.4 524.7 376.3 524.7 381.2 529.4 388.4 537.7 388.4 545.0 385.7 550.2 382.6 553.8 376.3 556.9 375.0 558.5 375.0 567.9 371.4 573.1 370.0 576.7 366.5 577.7
0 499.7 554.9 497.9 554.9 494.7 551.2 494.7 548.1 505.9 535.1 509.5 535.1 512.6 537.7 513.5 540.8 513.5 547.1 511.3 551.7 505.9 553.8 500.6 553.8 499.7 554.9
0 472.8 578.8 471.1 578.8 465.2 573.1 464.3 569.9 464.3 563.7 467.0 553.3 463.5 549.1 462.6 545.0 463.9 542.4 467.5 541.4 470.2 542.4 476.4 547.6 478.6 551.2 486.2 555.9 488.9 556.9 494.3 555.9 495.6 557.5 495.6 560.6 493.8 566.8 488.9 569.4 484.5 569.4 480.9 571.5 476.4 576.7 472.8 578.8
0 638.2 654.6 636.4 654.6 633.3 651.0 631.5 646.8 632.4 643.7 630.2 641.1 619.4 641.1 617.7 640.1 613.6 634.4 613.6 625.0 617.2 618.8 617.2 613.6 616.3 612.5 613.6 602.2 613.6 593.8 614.5 588.6 617.2 578.2 619.9 573.1 626.1 566.8 626.1 565.8 636.4 553.8 638.7 555.4 638.7 588.6 639.6 589.7 639.6 600.1 638.7 601.1 638.7 608.4 639.6 609.4 639.6 638.5 638.7 639.6 638.7 654.1 638.2 654.6
0 933.2 577.7 926.9 577.7 919.8 573.6 917.6 571.0 916.7 567.9 913.5 564.2 910.0 563.2 906.8 559.5 905.0 555.4 904.1 548.1 905.9 545.0 905.9 540.8 903.7 538.2 901.0 537.2 896.1 531.5 894.3 526.3 894.3 522.1 896.1 516.9 901.0 511.2 907.3 509.1 910.0 507.1 915.3 508.1 921.6 512.3 927.8 512.3 937.7 523.7 940.4 524.7 947.5 524.7 950.2 525.8 960.5 537.7 960.5 545.0 957.8 550.2 954.7 553.8 948.4 556.9 946.2 560.6 947.1 561.6 947.1 566.8 946.2 568.9 942.6 572.0 942.6 574.1 940.4 576.7 934.1 576.7 933.2 577.7
0 1093.2 523.7 1091.9 523.2 1091.9 516.9 1094.6 518.0 1094.6 521.1 1093.2 523.7
0 1071.8 554.9 1069.1 554.9 1066.8 552.3 1066.8 548.1 1078.0 535.1 1081.6 535.1 1084.7 538.8 1085.6 541.9 1085.6 547.1 1084.7 550.2 1081.6 552.8 1077.1 553.8 1072.7 553.8 1071.8 554.9
0 1045.8 577.7 1041.4 577.7 1039.6 576.7 1036.4 569.9 1036.4 563.7 1038.2 560.6 1039.1 554.3 1035.6 550.2 1033.8 544.0 1036.0 541.4 1040.5 541.4 1046.7 544.5 1050.3 548.6 1054.8 550.7 1062.8 555.9 1065.5 555.9 1066.8 557.5 1066.8 562.7 1065.9 565.8 1063.7 568.4 1057.5 568.4 1053.9 570.5 1049.4 575.6 1045.8 577.7
0 1211.2 656.7 1209.4 656.7 1205.4 653.1 1203.6 648.9 1203.6 643.7 1201.4 641.1 1192.4 641.1 1188.9 639.0 1185.7 634.4 1185.7 627.1 1189.3 620.9 1189.3 612.5 1187.5 609.4 1186.6 603.2 1185.7 602.2 1185.7 594.9 1186.6 593.8 1186.6 588.6 1189.3 580.3 1189.3 577.2 1191.1 573.1 1194.2 569.4 1196.9 568.4 1198.2 564.7 1201.4 562.1 1209.4 552.8 1211.2 552.8
1 373.6 307.5 371.4 304.9 369.6 299.7 368.7 293.5 366.0 289.3 365.1 283.1 367.4 280.5 370.0 280.5 373.2 284.1 376.7 293.5 377.6 297.6 377.6 304.9 373.6 307.5
1 947.5 306.5 944.8 306.5 943.5 304.9 940.8 298.7 940.8 294.5 938.1 290.4 937.2 283.1 941.2 279.5 943.0 280.5 948.0 289.3 948.8 295.6 950.6 299.7 950.6 303.9 947.5 306.5
