0 326.0 497.5 318.0 497.5 314.0 495.5 306.5 488.0 303.5 481.0 303.5 476.0 304.5 475.0 304.5 464.0 302.0 460.5 296.0 460.5 290.0 458.5 284.5 454.0 281.5 449.0 279.5 443.0 279.5 436.0 280.5 435.0 281.5 429.0 287.5 422.0 286.5 420.0 279.5 413.0 275.5 405.0 275.5 396.0 278.5 388.0 284.0 380.5 290.0 378.5 293.5 376.0 293.5 370.0 291.0 367.5 283.0 367.5 277.0 362.5 272.0 360.5 268.5 356.0 268.5 342.0 269.5 341.0 269.5 332.0 268.5 331.0 268.5 321.0 270.5 316.0 276.5 310.0 276.5 296.0 277.5 293.0 280.5 289.0 281.5 286.0 287.5 281.0 287.5 275.0 285.5 271.0 285.5 264.0 286.5 263.0 286.5 258.0 287.5 256.0 293.0 250.5 297.0 248.5 308.0 248.5 312.0 249.5 316.0 252.5 318.0 252.5 324.0 246.5 331.0 243.5 337.0 243.5 342.0 245.5 348.5 252.0 351.5 259.0 351.5 267.0 346.5 275.0 346.5 277.0 353.5 285.0 355.5 290.0 355.5 298.0 358.5 303.0 364.0 308.5 366.0 309.5 373.0 309.5 377.0 310.5 385.5 319.0 387.5 322.0 387.5 332.0 391.0 336.5 394.0 337.5 399.5 343.0 401.5 349.0 401.5 358.0 399.5 360.0 397.5 365.0 393.5 370.0 393.5 373.0 395.5 376.0 395.5 388.0 391.5 396.0 386.5 401.0 387.5 408.0 388.5 409.0 388.5 418.0 384.5 426.0 378.5 432.0 378.5 437.0 381.5 442.0 381.5 453.0 379.5 457.0 375.0 461.5 371.0 463.5 368.5 466.0 368.5 478.0 366.5 482.0 359.0 489.5 357.0 490.5 346.0 490.5 343.0 488.5 338.0 489.5 333.0 494.5 326.0 497.5
0 966.0 497.5 958.0 497.5 953.0 494.5 945.5 486.0 944.5 483.0 944.5 473.0 945.5 472.0 945.5 467.0 944.5 463.0 942.0 460.5 936.0 460.5 929.0 457.5 923.5 452.0 921.5 449.0 919.5 443.0 919.5 435.0 921.5 429.0 927.5 422.0 926.5 419.0 920.5 414.0 916.5 407.0 915.5 403.0 915.5 398.0 917.5 391.0 921.5 384.0 925.0 380.5 929.0 378.5 934.5 377.0 934.5 371.0 932.0 367.5 924.0 367.5 917.0 362.5 912.0 360.5 908.5 357.0 907.5 353.0 907.5 343.0 909.5 339.0 909.5 333.0 908.5 332.0 908.5 321.0 910.5 316.0 916.5 310.0 916.5 296.0 917.5 292.0 923.0 284.5 927.5 281.0 927.5 276.0 925.5 273.0 924.5 265.0 926.5 261.0 927.5 256.0 932.0 251.5 937.0 248.5 943.0 247.5 944.0 248.5 950.0 248.5 958.0 252.5 965.0 245.5 971.0 243.5 977.0 243.5 984.5 247.0 984.5 248.0 989.5 253.0 991.5 257.0 991.5 268.0 988.5 272.0 986.5 277.0 991.5 282.0 995.5 290.0 995.5 298.0 996.5 300.0 1005.0 308.5 1007.0 309.5 1014.0 309.5 1020.0 312.5 1023.5 316.0 1027.5 323.0 1027.5 333.0 1030.0 336.5 1034.0 337.5 1038.5 342.0 1041.5 349.0 1041.5 358.0 1039.5 360.0 1037.5 365.0 1033.5 369.0 1032.5 372.0 1035.5 378.0 1035.5 388.0 1032.5 394.0 1026.5 401.0 1026.5 404.0 1028.5 408.0 1028.5 418.0 1024.5 426.0 1018.5 432.0 1018.5 437.0 1021.5 441.0 1022.5 449.0 1021.5 450.0 1020.5 456.0 1015.0 461.5 1011.0 463.5 1008.5 466.0 1008.5 478.0 1005.5 483.0 999.0 489.5 997.0 490.5 986.0 490.5 983.0 488.5 978.0 489.5 973.0 494.5 966.0 497.5
1 92.0 250.5 87.0 250.5 82.5 247.0 81.5 244.0 81.5 231.0 78.0 227.5 73.0 227.5 70.5 225.0 69.5 221.0 75.0 217.5 79.0 216.5 82.5 213.0 83.5 210.0 83.5 204.0 84.5 203.0 84.5 197.0 83.5 196.0 83.5 190.0 84.5 189.0 84.5 167.0 83.5 166.0 83.5 160.0 85.0 158.5 92.0 157.5 94.5 162.0 94.5 165.0 96.5 168.0 97.5 173.0 100.5 177.0 99.5 179.0 99.5 214.0 100.5 216.0 108.5 224.0 109.5 227.0 115.5 235.0 115.5 241.0 113.0 245.5 111.0 245.5 108.5 241.0 104.5 236.0 102.5 230.0 100.0 227.5 97.0 226.5 94.5 232.0 94.5 237.0 93.5 238.0 93.5 248.0 92.0 250.5
1 752.0 251.5 751.0 251.5 746.5 247.0 745.5 244.0 745.5 237.0 743.5 235.0 742.5 231.0 739.0 227.5 735.5 229.0 734.5 233.0 734.5 242.0 733.5 243.0 733.5 249.0 732.0 250.5 727.0 250.5 722.5 246.0 721.5 244.0 721.5 235.0 718.0 228.5 713.0 228.5 709.5 226.0 708.5 222.0 719.0 216.5 722.5 213.0 723.5 209.0 723.5 204.0 724.5 203.0 724.5 197.0 723.5 196.0 723.5 177.0 724.5 176.0 724.5 168.0 722.5 162.0 723.0 155.5 729.0 155.5 732.0 156.5 734.5 160.0 734.5 163.0 737.5 170.0 737.5 173.0 739.5 176.0 738.5 180.0 738.5 191.0 739.5 192.0 739.5 212.0 744.5 220.0 748.5 224.0 755.5 235.0 756.5 239.0 758.5 242.0 757.5 246.0 752.0 251.5
1 337.0 244.5 332.0 244.5 329.5 243.0 330.5 237.0 334.5 226.0 341.5 216.0 341.5 215.0 347.0 210.5 354.0 207.5 359.0 207.5 359.5 212.0 357.0 214.5 354.0 215.5 351.5 219.0 345.5 225.0 342.5 229.0 339.5 238.0 339.5 241.0 337.0 244.5
1 977.0 244.5 972.0 244.5 969.5 243.0 972.5 230.0 977.5 220.0 979.5 217.0 985.0 211.5 988.0 210.5 992.0 207.5 999.0 207.5 999.5 213.0 995.0 215.5 985.5 225.0 982.5 230.0 979.5 239.0 979.5 242.0 977.0 244.5
1 568.0 314.5 561.0 313.5 558.5 312.0 559.0 310.5 562.0 310.5 563.5 309.0 563.5 306.0 562.0 304.5 557.5 304.0 557.5 312.0 554.0 314.5 551.0 314.5 545.0 312.5 542.0 309.5 537.0 311.5 534.5 309.0 534.5 302.0 535.5 300.0 541.5 294.0 544.5 285.0 544.5 263.0 548.5 254.0 552.5 247.0 552.5 244.0 556.0 239.5 558.0 239.5 561.5 243.0 562.5 246.0 562.5 251.0 559.5 255.0 558.5 261.0 557.5 262.0 557.5 275.0 556.5 276.0 556.5 285.0 557.5 288.0 560.0 290.5 563.0 291.5 567.0 294.5 571.0 295.5 583.0 295.5 585.5 298.0 584.5 301.0 581.5 304.0 581.5 306.0 578.0 309.5 576.0 309.5 568.0 314.5
1 1194.0 314.5 1185.0 312.5 1182.5 309.0 1182.0 306.5 1177.0 309.5 1175.5 307.0 1175.5 301.0 1176.5 299.0 1181.5 294.0 1184.5 286.0 1184.5 263.0 1186.5 260.0 1187.5 256.0 1189.5 254.0 1192.5 247.0 1192.5 244.0 1196.0 239.5 1198.0 239.5 1202.5 245.0 1202.5 251.0 1198.5 258.0 1197.5 261.0 1197.5 272.0 1196.5 273.0 1196.5 285.0 1197.5 288.0 1206.0 293.5 1209.0 294.5 1219.0 294.5 1223.0 295.5 1225.5 298.0 1224.5 300.0 1221.0 302.5 1219.5 307.0 1218.0 308.5 1213.0 309.5 1209.0 312.5 1205.0 312.5 1205.5 307.0 1202.0 303.5 1197.5 303.0 1197.5 312.0 1194.0 314.5
1 1144.0 290.5 1139.0 290.5 1135.5 287.0 1136.5 285.0 1136.5 277.0 1132.5 269.0 1126.5 264.0 1125.5 262.0 1125.5 257.0 1127.0 255.5 1132.0 256.5 1136.0 260.5 1140.0 262.5 1144.5 267.0 1146.5 272.0 1146.5 277.0 1147.5 282.0 1146.5 283.0 1146.5 288.0 1144.0 290.5
1 502.0 290.5 499.0 289.5 496.5 287.0 496.5 278.0 493.5 271.0 487.5 265.0 485.5 262.0 485.5 257.0 487.0 255.5 493.0 256.5 499.0 262.5 503.5 266.0 506.5 273.0 507.5 278.0 507.5 284.0 506.5 287.0 502.0 290.5
0 533.0 546.5 524.0 546.5 519.0 545.5 510.0 540.5 507.5 535.0 507.5 532.0 505.5 527.0 505.5 522.0 508.5 516.0 509.5 512.0 509.5 507.0 511.5 504.0 511.0 501.5 503.0 500.5 501.0 499.5 498.5 496.0 498.5 491.0 497.5 490.0 497.5 485.0 496.5 484.0 496.5 472.0 499.5 464.0 506.0 457.5 508.5 456.0 508.5 442.0 503.5 435.0 506.5 431.0 506.5 426.0 498.5 418.0 496.5 413.0 495.5 408.0 495.5 403.0 497.5 399.0 498.5 392.0 501.5 386.0 501.5 380.0 499.5 377.0 499.5 361.0 497.0 358.5 485.0 358.5 480.5 355.0 478.5 350.0 476.5 348.0 474.5 341.0 473.5 340.0 473.5 335.0 474.5 332.0 477.5 328.0 483.0 322.5 487.0 321.5 492.5 318.0 491.5 314.0 491.5 309.0 490.5 306.0 491.5 303.0 494.5 299.0 495.5 296.0 501.0 291.5 505.0 290.5 515.0 292.5 518.5 295.0 520.5 299.0 520.5 311.0 522.0 316.5 528.0 316.5 535.0 312.5 546.0 312.5 551.0 313.5 558.0 320.5 564.0 322.5 572.0 319.5 577.0 319.5 580.5 315.0 580.5 312.0 585.5 301.0 592.0 294.5 602.0 290.5 613.0 290.5 618.0 292.5 625.5 300.0 628.5 307.0 628.5 316.0 627.5 318.0 619.0 326.5 618.0 326.5 612.5 332.0 616.5 337.0 622.5 343.0 623.5 345.0 623.5 360.0 629.5 371.0 630.5 377.0 628.5 383.0 625.5 389.0 620.0 394.5 612.5 398.0 612.5 401.0 618.5 410.0 620.5 417.0 619.5 422.0 619.5 427.0 617.5 431.0 612.0 436.5 608.0 437.5 605.5 440.0 605.5 447.0 604.5 451.0 601.5 457.0 597.5 467.0 596.5 474.0 597.5 476.0 603.0 478.5 608.5 483.0 611.5 492.0 611.5 498.0 608.5 505.0 605.0 508.5 598.0 512.5 596.5 517.0 591.0 522.5 582.0 526.5 568.0 526.5 564.0 528.5 552.0 528.5 548.5 532.0 547.5 536.0 543.0 540.5 538.0 544.5 533.0 546.5
0 513.0 547.5 509.0 547.5 505.0 545.5 502.0 545.5 497.5 542.0 497.5 540.0 500.5 537.0 499.5 533.0 498.0 531.5 487.0 531.5 483.0 530.5 478.0 527.5 470.0 517.5 465.0 515.5 461.5 512.0 459.5 508.0 458.5 501.0 460.5 498.0 460.5 493.0 457.5 487.0 457.5 472.0 454.5 468.0 453.5 463.0 454.5 458.0 457.5 453.0 462.0 448.5 467.5 446.0 467.5 440.0 466.5 439.0 466.5 430.0 469.5 424.0 468.5 419.0 463.5 414.0 461.5 409.0 461.5 399.0 462.5 398.0 457.5 387.0 457.5 378.0 459.5 375.0 459.5 370.0 455.5 366.0 451.5 358.0 451.5 356.0 449.0 352.5 444.0 352.5 438.0 350.5 432.5 345.0 430.5 340.0 430.5 334.0 432.5 330.0 439.0 323.5 444.0 321.5 456.0 321.5 457.5 316.0 461.0 311.5 468.0 308.5 473.0 308.5 479.0 311.5 484.5 317.0 483.5 320.0 476.5 328.0 472.5 337.0 472.5 343.0 474.5 347.0 481.5 357.0 483.0 360.5 495.0 360.5 497.0 359.5 498.5 361.0 498.5 373.0 497.5 374.0 497.5 379.0 498.5 380.0 498.5 391.0 495.5 397.0 494.5 405.0 497.5 412.0 498.5 417.0 502.0 420.5 506.0 421.5 508.5 424.0 508.5 430.0 505.5 436.0 508.5 443.0 508.5 449.0 506.5 453.0 506.5 458.0 499.5 465.0 499.5 466.0 494.5 477.0 493.5 482.0 494.5 487.0 498.5 491.0 499.5 494.0 505.5 500.0 506.5 506.0 509.5 511.0 508.5 518.0 506.5 522.0 506.5 529.0 508.5 533.0 510.5 540.0 513.5 542.0 514.5 546.0 513.0 547.5
0 1171.0 545.5 1163.0 545.5 1162.0 544.5 1156.0 543.5 1151.5 539.0 1148.5 532.0 1148.5 526.0 1147.5 525.0 1149.5 515.0 1151.5 512.0 1153.5 503.0 1151.0 500.5 1142.0 498.5 1139.5 494.0 1139.5 491.0 1137.5 488.0 1137.5 482.0 1136.5 481.0 1136.5 472.0 1139.5 465.0 1144.0 460.5 1152.0 457.5 1158.0 457.5 1158.5 454.0 1156.5 449.0 1156.5 442.0 1152.0 442.5 1148.5 438.0 1148.5 431.0 1150.5 426.0 1147.0 422.5 1141.0 420.5 1138.5 418.0 1137.5 414.0 1137.5 394.0 1140.5 388.0 1141.5 383.0 1139.5 376.0 1138.5 375.0 1138.5 361.0 1137.0 359.5 1126.0 359.5 1124.0 358.5 1119.5 354.0 1115.5 346.0 1115.5 344.0 1111.5 337.0 1112.5 332.0 1118.5 326.0 1120.0 323.5 1126.0 321.5 1131.5 318.0 1130.5 314.0 1130.5 301.0 1140.0 291.5 1144.0 290.5 1149.0 290.5 1157.0 293.5 1163.5 302.0 1163.5 308.0 1162.5 309.0 1162.5 314.0 1166.0 315.5 1169.0 313.5 1172.0 313.5 1175.0 311.5 1180.0 312.5 1187.0 312.5 1193.0 314.5 1196.5 319.0 1202.0 323.5 1210.0 320.5 1217.0 319.5 1219.5 317.0 1219.5 313.0 1221.5 310.0 1221.5 307.0 1223.5 302.0 1227.0 298.5 1235.0 292.5 1241.0 290.5 1253.0 290.5 1257.0 292.5 1260.0 292.5 1266.5 299.0 1268.5 305.0 1268.5 317.0 1267.5 319.0 1254.5 332.0 1257.5 338.0 1262.5 343.0 1264.5 347.0 1264.5 352.0 1262.5 357.0 1265.5 362.0 1267.5 367.0 1269.5 369.0 1271.5 377.0 1267.5 387.0 1261.0 394.5 1252.5 398.0 1252.5 402.0 1255.5 405.0 1259.5 413.0 1260.5 417.0 1260.5 424.0 1259.5 428.0 1254.0 434.5 1249.0 436.5 1245.5 440.0 1245.5 447.0 1244.5 451.0 1240.5 461.0 1238.5 464.0 1236.5 473.0 1240.0 477.5 1242.0 477.5 1248.5 483.0 1248.5 485.0 1251.5 491.0 1251.5 499.0 1247.5 506.0 1243.0 509.5 1240.0 510.5 1236.5 514.0 1234.5 519.0 1229.0 523.5 1224.0 525.5 1219.0 525.5 1218.0 526.5 1211.0 525.5 1200.0 528.5 1199.0 529.5 1191.0 529.5 1187.0 531.5 1184.5 535.0 1184.5 537.0 1179.0 542.5 1177.0 542.5 1171.0 545.5
0 1153.0 547.5 1149.0 547.5 1145.0 545.5 1142.0 545.5 1137.5 542.0 1136.5 539.0 1136.5 533.0 1131.0 532.5 1130.0 531.5 1125.0 531.5 1119.0 528.5 1112.5 522.0 1111.5 519.0 1103.0 514.5 1099.5 508.0 1098.5 504.0 1100.5 496.0 1099.5 491.0 1097.5 487.0 1096.5 481.0 1097.5 480.0 1097.5 472.0 1094.5 468.0 1094.5 458.0 1097.5 453.0 1106.5 444.0 1106.5 439.0 1105.5 438.0 1105.5 432.0 1106.5 428.0 1108.5 425.0 1108.5 420.0 1103.5 415.0 1101.5 409.0 1101.5 396.0 1099.5 390.0 1097.5 387.0 1097.5 380.0 1099.5 375.0 1099.5 370.0 1096.5 367.0 1093.5 362.0 1090.5 354.0 1089.0 352.5 1081.0 351.5 1077.0 349.5 1073.5 346.0 1070.5 339.0 1071.5 332.0 1074.5 328.0 1079.0 323.5 1085.0 321.5 1093.0 321.5 1095.0 320.5 1098.5 314.0 1102.0 310.5 1106.0 308.5 1114.0 308.5 1119.0 310.5 1124.5 316.0 1124.5 319.0 1122.5 322.0 1117.5 327.0 1115.5 330.0 1112.5 338.0 1112.5 341.0 1114.5 344.0 1115.5 348.0 1121.5 356.0 1124.0 360.5 1138.0 360.5 1138.5 361.0 1138.5 392.0 1135.5 398.0 1135.5 408.0 1137.5 411.0 1138.5 418.0 1141.0 420.5 1146.0 421.5 1148.5 424.0 1148.5 430.0 1146.5 434.0 1146.5 438.0 1148.5 441.0 1149.5 446.0 1149.5 454.0 1148.5 456.0 1143.0 461.5 1142.0 461.5 1137.5 470.0 1136.5 474.0 1136.5 485.0 1140.5 493.0 1140.5 496.0 1143.0 498.5 1149.5 502.0 1150.5 506.0 1150.5 513.0 1147.5 521.0 1147.5 529.0 1150.5 539.0 1154.5 543.0 1154.5 546.0 1153.0 547.5
0 702.0 559.5 699.0 558.5 691.0 558.5 684.0 555.5 681.5 553.0 680.5 549.0 678.5 546.0 678.5 542.0 676.5 538.0 676.5 528.0 677.5 527.0 677.5 517.0 674.0 513.5 669.0 513.5 668.0 512.5 661.0 512.5 659.5 510.0 659.5 504.0 657.0 500.5 643.0 500.5 640.5 497.0 640.5 481.0 641.5 477.0 647.0 471.5 651.0 469.5 653.5 467.0 653.5 459.0 652.5 454.0 653.5 453.0 654.5 444.0 660.5 435.0 661.5 431.0 661.5 426.0 657.0 421.5 652.0 420.5 648.0 418.5 644.5 415.0 640.5 406.0 640.5 392.0 644.5 382.0 649.0 378.5 653.0 376.5 661.0 368.5 662.0 368.5 665.5 364.0 665.5 361.0 661.5 355.0 659.5 349.0 659.5 332.0 660.5 331.0 662.5 323.0 665.0 319.5 668.0 318.5 673.0 313.5 674.0 313.5 679.5 308.0 680.5 306.0 680.5 300.0 679.5 299.0 677.5 291.0 675.0 287.5 672.0 287.5 670.0 285.5 664.0 282.5 660.5 279.0 658.5 273.0 658.5 260.0 660.5 257.0 661.5 253.0 666.0 248.5 670.0 246.5 679.0 237.5 692.0 231.5 698.0 231.5 700.5 235.0 705.0 238.5 708.0 238.5 713.0 241.5 717.0 242.5 723.0 248.5 729.0 251.5 733.0 255.5 738.0 258.5 743.0 258.5 747.0 260.5 750.5 257.0 752.5 253.0 757.5 248.0 760.5 242.0 765.0 237.5 772.0 233.5 780.0 233.5 784.0 235.5 787.0 235.5 793.0 237.5 798.5 242.0 801.5 249.0 801.5 255.0 802.5 259.0 806.5 267.0 807.5 272.0 807.5 277.0 804.5 283.0 804.5 289.0 805.5 291.0 812.0 297.5 815.0 298.5 819.5 303.0 821.5 307.0 824.5 317.0 823.5 319.0 823.5 324.0 822.5 325.0 821.5 332.0 817.5 340.0 815.5 342.0 815.5 347.0 812.5 355.0 809.0 358.5 800.0 361.5 796.5 365.0 795.5 369.0 795.5 374.0 793.5 378.0 788.5 383.0 788.5 386.0 799.5 393.0 799.5 395.0 803.0 398.5 806.0 399.5 808.5 403.0 808.5 407.0 810.5 412.0 811.5 419.0 814.5 423.0 809.5 435.0 806.0 438.5 802.0 439.5 797.0 442.5 791.0 444.5 787.0 444.5 782.5 447.0 783.5 449.0 783.0 457.5 786.0 457.5 789.5 461.0 789.5 468.0 791.5 474.0 791.5 490.0 790.5 493.0 791.5 496.0 797.0 498.5 800.5 503.0 800.5 515.0 798.5 521.0 794.0 525.5 787.0 529.5 784.0 529.5 776.0 537.5 774.0 537.5 767.0 541.5 763.0 542.5 749.0 542.5 748.0 541.5 742.0 542.5 737.0 537.5 732.0 537.5 729.0 540.5 724.0 542.5 721.5 546.0 719.5 552.0 716.0 555.5 707.0 558.5 702.0 559.5
0 822.0 434.5 820.5 432.0 823.5 433.0 822.0 434.5
0 0.0 390.5 2.5 389.0 5.5 381.0 9.0 378.5 16.0 371.5 23.0 368.5 26.5 364.0 26.5 361.0 21.5 354.0 19.5 348.0 19.5 333.0 20.5 332.0 22.5 323.0 32.0 313.5 35.0 312.5 40.5 307.0 41.5 301.0 37.5 292.0 36.5 288.0 33.0 284.5 27.0 282.5 21.5 279.0 19.5 273.0 19.5 260.0 21.5 255.0 27.0 249.5 29.0 249.5 33.0 246.5 43.0 236.5 46.0 235.5 50.0 232.5 58.0 232.5 63.0 239.5 74.0 242.5 80.0 245.5 85.0 249.5 88.0 250.5 95.5 258.0 98.0 262.5 101.0 259.5 106.0 261.5 108.5 260.0 112.5 252.0 122.0 242.5 128.0 241.5 134.0 238.5 135.0 239.5 147.0 239.5 150.0 240.5 158.5 246.0 160.5 253.0 160.5 256.0 166.5 269.0 166.5 278.0 163.5 284.0 163.5 289.0 171.0 296.5 175.0 298.5 179.5 303.0 183.5 311.0 185.5 318.0 185.5 322.0 183.5 329.0 181.5 331.0 178.5 338.0 175.5 342.0 175.5 348.0 172.5 355.0 169.0 358.5 159.0 362.5 156.5 367.0 156.5 371.0 153.5 378.0 149.5 382.0 149.5 387.0 158.5 392.0 160.5 397.0 167.5 402.0 168.5 409.0 170.5 413.0 170.5 417.0 172.5 421.0 172.5 425.0 170.5 430.0 167.5 435.0 164.0 438.5 150.0 444.5 144.0 445.5 141.5 448.0 141.5 455.0 140.5 456.0 143.0 458.5 146.0 458.5 148.5 461.0 149.5 464.0 149.5 469.0 151.5 474.0 151.5 489.0 150.5 490.0 150.5 496.0 152.0 497.5 157.0 498.5 160.5 503.0 160.5 517.0 159.5 521.0 155.0 526.5 141.0 532.5 136.0 536.5 127.0 541.5 123.0 542.5 109.0 542.5 108.0 541.5 102.0 541.5 98.0 537.5 92.0 537.5 89.0 540.5 82.5 543.0 81.5 549.0 79.5 553.0 77.0 555.5 69.0 558.5 64.0 559.5 53.0 559.5 52.0 558.5 44.0 556.5 41.5 554.0 38.5 548.0 38.5 541.0 35.5 536.0 36.5 535.0 36.5 523.0 37.5 522.0 37.5 517.0 35.0 514.5 25.0 514.5 24.0 513.5 19.0 513.5 12.0 511.5 0.0 502.5
0 183.0 435.5 180.5 434.0 180.5 432.0 183.5 431.0 183.0 435.5
0 243.0 362.5 239.0 359.5 237.0 359.5 230.5 356.0 230.5 353.0 235.0 350.5 240.0 350.5 242.0 351.5 246.5 356.0 246.5 361.0 243.0 362.5
0 242.0 429.5 234.0 429.5 226.0 426.5 223.0 423.5 215.0 420.5 207.5 413.0 207.5 408.0 211.5 402.0 208.5 397.0 208.5 391.0 210.5 386.0 208.5 381.0 211.0 377.5 214.0 377.5 216.0 379.5 222.0 377.5 225.0 379.5 234.0 378.5 240.5 382.0 241.5 389.0 240.5 393.0 243.5 397.0 243.5 399.0 248.5 405.0 249.5 411.0 245.5 417.0 245.5 422.0 244.5 426.0 242.0 429.5
0 885.0 363.5 883.0 363.5 880.0 360.5 876.0 359.5 870.5 356.0 870.5 353.0 875.0 350.5 880.0 350.5 884.5 354.0 886.5 357.0 887.5 362.0 885.0 363.5
0 881.0 429.5 875.0 429.5 868.0 427.5 864.0 423.5 860.0 421.5 855.0 420.5 847.5 414.0 846.5 412.0 847.5 407.0 850.5 402.0 847.0 398.5 842.0 397.5 840.5 395.0 840.5 389.0 842.5 386.0 843.5 382.0 849.0 375.5 853.0 374.5 854.0 375.5 864.0 375.5 868.0 377.5 872.0 377.5 878.0 379.5 881.5 384.0 881.5 395.0 884.5 401.0 888.5 406.0 888.5 413.0 884.5 417.0 884.5 425.0 881.0 429.5
